0	6.770242	0.0844926
10	6.5604405	0.0325069
20	6.508608	0.3932776
30	6.3198676	1.2466444
40	6.2003803	1.8669718
50	6.26012	0.9120228
60	6.679841	1.0928183
70	6.3351603	0.4176531
80	6.4550576	0.7532522
90	6.0226617	0.6854134
100	6.239863	0.8414787
110	6.163946	0.9545189
120	6.540296	0.472612
130	6.696025	1.0194708
140	6.9609814	0.6058295
150	6.8307433	0.6188327
160	6.695544	0.3334677
170	6.700341	0.9766672
180	6.2805295	0.1748119
190	6.4374986	0.0805836
200	6.535608	0.0028654
210	6.47909	0.0325384
220	6.4219346	0.0027351
230	6.4024396	0.0597971
240	6.0913534	0.0124402
250	6.4038615	0.1976767
260	6.463234	0.0177553
270	6.326502	0.3209313
280	6.129977	4.52e-05
290	6.0541134	0.0008633
300	6.3921647	0.0052864
310	6.312426	0.0361622
320	6.036409	0.0013779
330	6.3167725	0.0196849
340	6.424712	0.1723827
350	6.4774113	0.6620569
360	6.783612	0.2577627
370	6.7618713	0.1122858
380	7.1050663	0.3085875
390	7.134124	0.0054657
400	6.928994	0.0002946
410	6.863349	0.0013868
420	6.6488395	0.0018678
430	6.4929423	0.1926019
440	6.6471267	0.4137621
450	6.745697	0.3325292
460	6.7216506	0.8359668
470	6.5972247	0.4852463
480	6.389473	0.7095227
490	6.359899	0.9970566
500	6.3421383	1.154486
510	5.9622507	0.978168
520	6.07901	0.5973073
530	5.975512	1.2294902
540	6.3624177	1.1797598
550	6.216988	1.1683779
560	6.3348494	1.2456263
570	6.1932535	1.0784905
580	6.3300567	1.3284087
590	6.567227	0.8351098
600	6.4825587	0.6038916
610	6.662334	0.5900194
620	6.6727915	0.4231329
630	6.5749884	0.5306895
640	6.472858	0.3806872
650	6.424331	0.5927139
660	6.409351	0.7837787
670	6.5490775	0.7113462
680	6.5329576	0.4604346
690	6.185327	0.9738443
700	6.046113	0.914008
710	6.045786	0.9923526
720	6.128422	0.9323787
730	5.9861884	0.9222772
740	5.920856	0.8779735
750	6.0836644	0.4486411
760	6.154873	0.4874694
770	6.219077	0.1569738
780	6.4716897	0.6068885
790	6.271241	0.3634259
800	6.270077	0.1234643
810	6.167613	0.0994537
820	6.6211286	0.036828
830	6.7580447	0.0032405
840	6.609084	0.1617194
850	6.427898	0.0207932
860	6.4967227	0.5078092
870	6.7732263	0.5724187
880	6.75294	0.5639649
890	6.843473	0.6027365
900	7.100616	0.8688823
910	7.246573	0.7663566
920	7.2187634	0.9609934
930	7.309783	0.9287528
940	7.1345954	1.0051465
950	6.8510017	1.0981447
960	6.6498723	0.7984201
970	6.788065	0.6809152
980	6.7371726	0.6444194
990	7.132634	0.3808736
1000	6.995399	0.3346841
1010	7.383252	0.4922521
1020	7.3905544	0.5117191
1030	7.5299206	0.487663
1040	7.6693454	1.082108
1050	7.590907	0.7149558
1060	7.6170106	0.575396
1070	7.280008	0.1884504
1080	7.1376095	0.0669353
1090	7.43941	0.03637
1100	7.209077	0.0027073
1110	7.5186734	0.1413854
1120	7.3991046	0.1651655
1130	7.590184	0.0874469
1140	7.665007	0.0051659
1150	7.4214377	0.0061992
1160	7.52586	0.0612269
1170	7.5431623	0.0903082
1180	7.785906	6.45e-05
1190	7.6026354	0.0036475
1200	7.625768	0.1849086
1210	7.92607	0.1238071
1220	7.511425	1.0477433
1230	7.4443207	0.6896112
1240	7.3613567	0.1461
1250	7.2112174	0.3692594
1260	7.1874766	0.208446
1270	7.536109	0.1776167
1280	7.434597	0.3477228
1290	7.269732	0.0022869
1300	7.262763	0.0670034
1310	7.3361177	0.1239789
1320	7.481811	0.0679978
1330	7.433537	0.654957
1340	6.942348	0.0916669
1350	7.124416	0.3189103
1360	7.0876927	0.6813566
1370	6.8710594	1.1435466
1380	6.9743366	0.310722
1390	7.1436234	0.4953814
1400	7.353549	0.8024935
1410	7.180434	0.4574743
1420	7.0836663	0.2710084
1430	7.2168026	1.2585339
1440	7.046524	0.9392669
1450	7.4483695	1.1890745
1460	7.3777914	1.8281816
1470	7.530705	1.0496621
1480	7.680204	0.6369664
1490	7.5855145	0.7734579
1500	7.396963	0.7618057
1510	7.4055185	0.9017914
1520	7.0883646	0.9038384
1530	6.817754	0.9233969
1540	6.7338886	0.7456777
1550	6.7275534	0.7933814
1560	6.7928553	0.6178691
1570	7.018921	0.4467029
1580	6.9215226	0.5777585
1590	6.9140825	0.6398439
1600	6.849694	0.3124814
1610	6.5131135	1.0303035
1620	6.786064	0.8725827
1630	6.774425	0.7007413
1640	6.5432954	0.7348831
1650	6.692671	0.6945179
1660	6.5469856	0.1634468
1670	6.736187	0.0273521
1680	7.0036926	0.0092218
1690	6.746769	0.2929573
1700	6.762053	0.0572368
1710	7.145648	0.2994795
1720	7.0317154	0.6613061
1730	7.075015	0.3937556
1740	6.9052777	0.6434606
1750	7.217468	1.4165341
1760	7.0319366	1.7737038
1770	7.0907674	1.2247764
1780	7.2824025	0.8027613
1790	7.1906743	0.9108364
1800	7.0211673	1.0378738
1810	7.081669	1.2203953
1820	6.847371	1.1792307
1830	6.8765974	1.1848371
1840	7.1088295	1.1857199
1850	6.7682834	1.3265638
1860	6.72938	1.529267
1870	6.65222	1.0731028
1880	6.6067224	0.5912195
1890	6.542473	0.2164646
1900	6.360247	0.2125552
1910	6.325224	0.3192895
1920	6.5871134	0.3043011
1930	6.5503454	0.7047781
1940	6.331426	0.5022624
1950	6.4133162	1.1261501
1960	6.5812664	0.8011209
1970	6.6858063	0.8605664
1980	6.586213	0.4838261
1990	6.6346617	0.3262245
2000	6.905731	0.2407863
2010	6.831389	0.2497331
2020	6.6393733	0.3805459
2030	6.727756	0.3741686
2040	6.750964	0.6325865
2050	6.503841	0.5702816
2060	6.4608636	0.818937
2070	6.476607	0.4128058
2080	6.562792	1.0302054
2090	6.465705	1.3051332
2100	6.6446886	1.1128736
2110	6.8010874	1.2745511
2120	7.026818	0.937259
2130	7.329262	0.4593336
2140	7.307112	0.3278567
2150	7.088787	0.4918293
2160	6.9146566	0.2717103
2170	7.2327538	0.3686523
2180	6.984244	0.2808297
2190	7.08446	0.0838917
2200	7.068506	0.1718516
2210	7.112765	0.2460798
2220	7.041558	0.3174614
2230	6.9766426	0.0793465
2240	7.2463975	0.1210274
2250	7.1418953	0.5117906
2260	7.6640625	0.2965825
2270	7.726899	0.0128168
2280	7.850316	0.0149608
2290	7.5511446	4.8e-06
2300	7.5983233	0.1282367
2310	7.455355	0.2076796
2320	7.363012	0.9539574
2330	7.433974	1.5172555
2340	7.332697	1.7650831
2350	7.2881904	1.2726788
2360	7.1909623	0.969568
2370	7.0604954	1.0586997
2380	6.8389535	0.2476662
2390	7.079124	0.7558141
2400	6.8635297	0.4814652
2410	6.766148	0.1114942
2420	6.7658033	0.1471192
2430	6.8645654	0.5636126
2440	6.7173505	0.0123341
2450	6.7966666	0.1738303
2460	6.9125633	0.0032712
2470	6.958859	0.0084979
2480	7.053756	0.0759745
2490	6.8470974	0.0020183
2500	6.8214946	0.0587053
2510	6.9416738	0.0189909
2520	7.2183456	0.3465129
2530	7.473818	0.6496396
2540	7.5489655	0.5529791
2550	7.592426	0.5025261
2560	7.5652294	0.8518477
2570	7.430821	0.6647403
2580	7.1796265	0.1758803
2590	7.0276623	0.1781679
2600	7.1630826	0.9327449
2610	6.9546494	0.3143643
2620	6.993123	0.3876717
2630	7.04536	0.1352049
2640	7.039464	0.0846039
2650	6.920912	0.0275245
2660	6.913268	0.0211916
2670	7.071152	0.0291528
2680	6.9547153	0.0350922
2690	6.842048	0.2301106
2700	6.7137394	0.7430238
2710	6.69442	0.805356
2720	7.079932	0.8331428
2730	6.9270673	0.5032258
2740	6.846985	0.041353
2750	6.80502	0.3619237
2760	6.672633	0.0215668
2770	6.9341903	0.0031061
2780	6.8869886	0.0993368
2790	7.0078225	0.2301178
2800	7.1281385	0.2873853
2810	7.068017	0.063702
2820	7.2942095	0.4103231
2830	6.9985905	0.1180019
2840	6.949592	0.0539508
2850	7.134062	0.0001881
2860	7.299188	0.1665263
2870	7.2950616	0.0627993
2880	7.3397007	0.2740196
2890	7.3273153	0.2328543
2900	7.22381	0.1587992
2910	7.1555567	0.2793771
2920	6.899072	0.3104195
2930	6.988837	0.5058734
2940	6.894209	0.684604
2950	6.992599	0.3406503
2960	7.07316	0.1061013
2970	7.091751	0.7886445
2980	7.0097303	0.2407919
2990	7.206275	0.3904284
3000	7.1890826	0.0038938
3010	6.8749967	0.0597138
3020	6.918968	0.0390547
3030	7.1239305	0.0002654
3040	6.9683566	0.0078455
3050	7.111809	0.0250548
3060	7.1181946	1.5e-06
3070	6.9324937	4.18e-05
3080	7.031703	0.0059899
3090	7.175956	0.0223092
3100	7.260032	0.0009556
3110	7.2896824	0.0133412
3120	7.1717086	0.2614104
3130	7.338184	0.3861391
3140	7.2503743	0.2085486
3150	7.112512	0.2006004
3160	6.958936	0.4395631
3170	7.1345663	0.6304627
3180	7.1740465	0.5570699
3190	7.081164	0.3512254
3200	7.2255826	0.125809
3210	6.7722354	0.0303427
3220	6.6701465	0.2697394
3230	6.79072	0.4035555
3240	6.7265415	0.8469129
3250	6.63562	0.7922474
3260	6.498569	0.6471647
3270	6.6002393	0.3106291
3280	6.577688	0.0791618
3290	6.874763	0.2042616
3300	6.9315863	0.4248383
3310	6.9346824	0.6555506
3320	6.5205455	0.6767746
3330	6.694649	0.7611994
3340	6.9094486	1.0090231
3350	6.8494234	0.9840194
3360	7.0256553	0.9272821
3370	6.9405417	1.0618326
3380	7.010004	1.2496484
3390	6.9946866	1.307809
3400	6.950591	1.1570562
3410	7.056253	0.6020909
3420	6.935984	0.2490278
3430	6.906646	0.288375
3440	6.74798	0.0581459
3450	6.376884	0.0107957
3460	6.210985	0.2005006
3470	6.4644003	0.2565334
3480	6.4014897	0.1238674
3490	6.551528	0.1654632
3500	6.771192	0.0006494
3510	6.7740097	0.019161
3520	6.794575	0.1191153
3530	6.8112183	0.0002132
3540	6.8895097	0.0038485
3550	6.626307	0.0438832
3560	6.737615	0.3274156
3570	6.650797	0.694886
3580	6.4233484	0.8846878
3590	6.7632008	0.5105081
3600	6.694655	0.0490877
3610	6.546382	0.4811215
3620	6.4003778	0.6264061
3630	6.1091747	0.6410394
3640	6.1295657	1.0939738
3650	6.1541553	1.1824407
3660	6.529876	1.4345626
3670	6.6093946	1.5685243
3680	6.5125103	1.398538
3690	6.5410395	1.339487
3700	6.59115	1.4465556
3710	6.7285314	1.5053441
3720	6.493372	1.225596
3730	6.5852523	0.6290975
3740	6.4450297	1.3344338
3750	6.6520658	0.4274707
3760	6.6924725	0.8950381
3770	6.6499534	1.1072042
3780	6.632039	0.8999611
3790	6.636792	0.5283736
3800	6.8086386	0.5083968
3810	6.693579	1.2783841
3820	6.578546	1.568604
3830	6.7071743	1.0790092
3840	6.7513056	1.8004757
3850	6.7764506	1.5011015
3860	6.522682	0.5886256
3870	6.541517	0.1102666
3880	6.7062664	0.0622642
3890	6.575352	0.1190208
3900	6.619079	0.3480937
3910	6.58861	0.5016589
3920	6.6576495	0.1919173
3930	6.9594817	0.306306
3940	7.2290506	0.2267963
3950	7.2480936	0.0529585
3960	7.2200904	0.0327384
3970	7.210994	0.2029198
3980	7.2190127	0.4010276
3990	7.2037935	0.4856694
4000	7.1880302	0.6697688
4010	7.3476906	1.2749939
4020	7.1017785	1.2469267
4030	7.170567	1.3638396
4040	7.240879	1.0703493
4050	7.699911	1.1661255
4060	7.486477	1.3564738
4070	7.325212	1.1788605
4080	7.281954	0.7138327
4090	7.303982	1.5456074
4100	6.887666	0.8938137
4110	6.5922537	1.5748242
4120	6.8678527	0.7267305
4130	6.493544	0.3300416
4140	6.7701497	0.4315596
4150	6.839997	0.2422029
4160	6.7739406	0.5215109
4170	6.6595926	0.8704943
4180	6.462297	1.0484092
4190	6.34337	0.3441038
4200	6.5502205	1.0758574
4210	6.5740266	1.7745045
4220	6.8424654	1.9704113
4230	6.8688846	2.0912447
4240	6.697972	2.0720349
4250	6.611996	1.9757076
4260	6.8992887	2.0771829
4270	7.0292735	2.5784316
4280	7.1538982	1.7797726
4290	7.2904334	2.0413088
4300	7.3345146	1.9956857
4310	7.1300497	1.707495
4320	7.126948	1.7160172
4330	7.0642023	1.7248404
4340	7.257672	1.3854175
4350	7.186356	1.5703513
4360	7.146988	1.6632182
4370	7.5203066	1.8588588
4380	7.509228	1.8955097
4390	7.4406185	1.6763904
4400	7.237289	1.3013083
4410	7.402889	1.3542418
4420	7.4511466	0.8361205
4430	7.5318184	1.251831
4440	7.582834	1.4741435
4450	7.426356	0.8809487
4460	7.4201984	0.0803728
4470	7.2384906	0.2189145
4480	7.1338344	0.1874811
4490	6.9503794	0.1410658
4500	6.9073687	0.0032828
4510	6.961872	0.0130474
4520	7.1882463	0.0385695
4530	7.271512	0.1252822
4540	7.268924	0.0066334
4550	7.6919546	0.1779795
4560	7.747905	0.3860413
4570	7.6215434	0.5762035
4580	7.740015	1.0283699
4590	7.868594	1.4863935
4600	7.927301	0.7790668
4610	8.189476	0.9759183
4620	7.915036	1.0876473
4630	7.8049345	1.0207134
4640	7.726897	1.7583922
4650	7.6879134	1.5635917
4660	7.8049326	1.6549684
4670	7.8087506	1.6061033
4680	7.769256	0.8502067
4690	7.8867774	1.024611
4700	8.00515	0.7523876
4710	8.116199	0.7826324
4720	7.714921	0.3359972
4730	7.7876554	0.2865848
4740	7.826481	0.467222
4750	8.014216	0.9315961
4760	7.964532	1.0218538
4770	8.102464	1.14664
4780	7.752435	0.8236914
4790	7.767355	0.7219788
4800	7.857048	0.5372659
4810	7.8476143	0.4993214
4820	7.9724464	0.7790702
4830	8.015135	1.0431748
4840	8.059174	1.1124443
4850	8.088261	0.6260184
4860	8.090322	0.4007424
4870	8.014576	0.1257775
4880	7.8615913	0.4411633
4890	7.799166	0.3230727
4900	7.6027527	0.2715865
4910	7.691111	0.3235184
4920	7.7400055	0.1535053
4930	8.031529	0.0084583
4940	7.6412554	0.1158247
4950	7.3658366	0.051748
4960	7.4379606	6.8e-06
4970	7.4981585	0.0009191
4980	7.628179	0.1972043
4990	7.7951703	0.2432509
5000	7.699421	0.1611834
5010	7.5016913	0.0222881
5020	7.5111623	0.1594882
5030	7.6238666	0.1095346
5040	7.489864	0.1008455
5050	7.4994326	0.0834248
5060	7.438715	0.0175403
5070	7.4720354	0.2589032
5080	7.3650274	0.4823543
5090	7.3811903	0.2108651
5100	7.57088	0.2033769
5110	7.635089	0.6671544
5120	7.6441145	0.7434597
5130	7.5499353	0.5140403
5140	7.635568	0.4979133
5150	7.7595344	0.8787864
5160	7.8946447	0.8932164
5170	7.8608017	0.6948289
5180	8.001295	0.5918593
5190	7.909282	0.4473559
5200	7.884092	0.1521016
5210	7.7506266	0.2292685
5220	7.787683	0.4962713
5230	7.652707	0.6571787
5240	7.794929	0.4577967
5250	7.7537527	0.6124521
5260	8.001713	0.6498038
5270	8.060798	0.7625478
5280	8.092777	0.8070078
5290	8.121385	0.6244687
5300	7.986549	0.785693
5310	8.017358	0.7368993
5320	7.8213825	0.5544028
5330	7.6910586	1.1342576
5340	7.5502977	1.1960223
5350	7.3048873	0.5387254
5360	7.6839457	0.4913649
5370	7.427413	0.0395574
5380	7.641649	0.1149292
5390	7.6178794	0.3215363
5400	7.452948	0.2235145
5410	7.22914	0.0261555
5420	7.11853	0.1521656
5430	6.746742	0.2012705
5440	6.342314	0.2729833
5450	6.679856	0.1543386
5460	6.5885663	0.4858662
5470	6.702981	0.8194832
5480	6.4968176	0.4652519
5490	6.41223	0.5614561
5500	6.3688574	0.3788053
5510	6.3583436	0.3051192
5520	6.338648	0.3267178
5530	6.19692	0.0089465
5540	5.7323575	0.0132492
5550	5.791015	0.0003345
5560	5.840753	0.0145667
5570	6.150474	0.0311949
5580	6.2438493	0.0205512
5590	6.4534802	0.246538
5600	6.451152	0.3650547
5610	6.536934	0.4889896
5620	6.597453	0.7127531
5630	6.5619717	0.9456909
5640	6.394206	0.3822508
5650	6.7552166	0.2197201
5660	6.9618273	0.9008158
5670	6.9504194	0.4273459
5680	6.551669	0.0757391
5690	6.5030885	0.2062374
5700	6.628611	0.1509956
5710	6.796344	0.2509019
5720	6.42425	0.000109
5730	6.366649	0.0154969
5740	6.65524	0.1007636
5750	6.96344	0.3182033
5760	7.004457	0.3446494
5770	6.9773703	0.4950558
5780	7.124681	0.6452247
5790	7.215691	1.0140774
5800	7.2083225	1.1952786
5810	6.8861694	0.5450394
5820	6.6888804	0.3637893
5830	6.556237	0.3402575
5840	7.0187273	0.091835
5850	7.085796	0.6111159
5860	7.142284	0.1491951
5870	7.2062974	0.0003708
5880	7.065528	0.0695345
5890	7.0786953	0.1000678
5900	7.065948	0.0002033
5910	7.145175	0.0511269
5920	7.031973	0.3862979
5930	6.7900224	0.0221738
5940	6.7825394	0.2004477
5950	6.988518	0.9569709
5960	6.948962	0.2961671
5970	6.853208	0.8268997
5980	6.940936	0.7243806
5990	6.8337903	0.5545187
6000	6.7524343	0.114347
6010	7.147564	0.0020591
6020	7.377141	0.2702345
6030	7.533028	0.8556071
6040	7.4823375	1.177617
6050	7.3170705	0.7864613
6060	7.224047	0.6024929
6070	7.185096	0.3322133
6080	7.1928616	0.1449676
6090	7.170031	0.7801539
6100	7.166487	0.6070409
6110	7.2440343	0.9176607
6120	7.375476	0.7057726
6130	7.30704	0.951136
6140	7.253144	0.982035
6150	7.2716737	0.8614182
6160	7.343981	0.7687018
6170	7.0340056	0.8939196
6180	7.026385	0.5302583
6190	6.8169336	0.4669015
6200	6.99142	0.230357
6210	6.8647113	0.5738296
6220	6.9841847	0.1466522
6230	6.7795615	0.202962
6240	7.1444306	0.4593776
6250	7.208064	0.6617156
6260	7.337819	0.2614144
6270	7.4753385	0.2817536
6280	7.226923	0.0008535
6290	6.9916463	0.0025203
6300	7.0014625	0.0104047
6310	7.2828574	0.0076842
6320	7.0808096	0.0012337
6330	7.039804	0.025682
6340	7.2255497	0.078517
6350	7.2194366	0.0209919
6360	7.1031423	0.016731
6370	7.3572254	0.1268139
6380	7.433639	0.0041468
6390	7.3455944	0.0742965
6400	7.074276	0.0423371
6410	6.968379	0.3359096
6420	6.9096503	0.3976495
6430	7.0893383	0.1817611
6440	7.365861	0.4139067
6450	7.5121193	0.3331203
6460	7.397015	8.42e-05
6470	7.515049	0.4327119
6480	7.2817664	0.3175253
6490	7.435168	0.2133756
6500	7.7176986	0.0127008
6510	7.970331	0.0177142
6520	7.7628865	0.0256055
6530	7.7067866	0.1908133
6540	7.8776054	0.0201241
6550	7.829922	0.0092195
6560	7.439678	0.0075732
6570	7.2972302	0.1315457
6580	7.584003	0.112479
6590	7.822019	0.0540452
6600	7.971395	0.1575817
6610	7.847868	0.4964672
6620	7.825276	0.5291283
6630	7.768507	0.3012279
6640	7.717975	0.439413
6650	7.94787	0.2276942
6660	7.96081	0.1879258
6670	8.065748	0.5084866
6680	7.97282	0.2909001
6690	8.098276	0.6100358
6700	7.7127714	0.5150431
6710	7.551095	0.1224746
6720	7.6959295	0.0738237
6730	7.562032	0.0224624
6740	7.882096	0.1381313
6750	7.836068	0.1291759
6760	7.71442	0.4768879
6770	7.674082	0.5566256
6780	7.2637086	0.2641923
6790	7.462035	0.430987
6800	7.642548	0.2683362
6810	7.502886	0.0012684
6820	7.0669584	0.105024
6830	7.233271	0.0557249
6840	7.5812426	0.3875361
6850	7.51391	0.1442738
6860	7.45283	0.0145509
6870	7.294415	0.028661
6880	7.4375873	0.3126322
6890	7.6395526	0.5763054
6900	7.692754	0.3962839
6910	7.779344	0.4733046
6920	7.349503	0.4574442
6930	7.8514094	0.0587539
6940	8.043303	0.0394569
6950	7.8989034	0.2535199
6960	7.6974287	0.3123985
6970	7.4663553	0.6161697
6980	7.5933976	0.8542289
6990	7.5354743	0.8965766
7000	7.359556	1.0333912
7010	7.3767815	1.1056284
7020	7.4456034	1.250088
7030	7.4041033	0.8406616
7040	7.5100527	0.8101917
7050	7.441418	0.5737274
7060	7.391069	0.4497706
7070	7.1469774	0.2411523
7080	7.2074366	0.3446251
7090	7.447896	0.0835031
7100	7.442552	0.1828697
7110	7.451626	0.0110442
7120	7.5653415	0.1440687
7130	7.6405687	0.0227283
7140	7.666421	0.1428812
7150	7.7507086	1.0856143
7160	7.5209327	1.1731344
7170	7.62515	1.8139716
7180	7.704007	1.9304679
7190	7.5633497	1.0167591
7200	7.49246	0.7960728
7210	7.398273	0.2730056
7220	7.27232	0.9366204
7230	6.9243503	0.7333632
7240	7.0979633	0.2917716
7250	7.0511327	0.3382844
7260	7.336456	0.4772115
7270	7.151563	0.0020354
7280	7.3049946	0.119763
7290	7.2837462	0.4300724
7300	7.421771	0.5625719
7310	7.5537615	0.4166692
7320	7.5591497	0.1692218
7330	7.4317794	0.0599317
7340	7.4952383	0.185794
7350	7.420976	0.4465447
7360	7.326874	1.2389629
7370	7.592884	0.8884374
7380	7.215176	0.9608305
7390	7.3784146	0.2422061
7400	7.1180854	0.9188701
7410	7.284128	0.8503784
7420	7.48021	0.4873161
7430	7.4105263	0.7378548
7440	7.3532662	0.4749965
7450	7.26809	0.2189235
7460	7.06263	0.0576376
7470	7.4772954	0.0034103
7480	7.36038	0.0016337
7490	7.09008	0.0441909
7500	7.442232	0.0639848
7510	7.262549	0.08098
7520	7.2513614	0.1100191
7530	7.11992	0.0679421
7540	7.1642704	0.2194865
7550	7.002844	0.208949
7560	7.3476233	0.2468429
7570	7.199033	0.6418665
7580	7.192911	0.6956071
7590	7.2246914	0.2774994
7600	7.1453114	0.2871936
7610	7.095946	0.0608003
7620	7.0623007	0.0289583
7630	7.505875	0.0030617
7640	7.6543584	0.0005158
7650	7.7062535	0.0319511
7660	7.9077263	0.1357673
7670	7.7273846	0.6867861
7680	7.6886926	0.7752597
7690	7.387168	0.4948917
7700	7.2969503	0.1103805
7710	7.193488	0.0010818
7720	7.583632	0.0033107
7730	7.3776727	0.022988
7740	7.443866	0.0072872
7750	7.4669585	0.1108904
7760	7.5727353	0.3259282
7770	7.72512	0.0175008
7780	7.691468	0.0053368
7790	7.447557	0.113747
7800	7.7615304	0.3492979
7810	7.711138	0.865422
7820	7.600965	0.5351606
7830	7.682679	0.9644285
7840	7.820673	0.4830806
7850	7.9489617	0.8071362
7860	7.6806903	1.0474187
7870	7.5100536	1.1101552
7880	7.727884	0.2867192
7890	7.868008	0.0443122
7900	7.6114926	0.0038442
7910	7.5601654	0.0007021
7920	7.640814	0.0051695
7930	7.633643	0.0202363
7940	7.481322	0.0673013
7950	7.485385	0.0400363
7960	7.593826	0.0676065
7970	7.525579	0.092864
7980	7.5340753	0.1115161
7990	7.512939	0.0819502
8000	7.355256	0.0238308
8010	7.2987986	0.0056389
8020	7.141218	0.0867343
8030	7.295236	0.2549561
8040	7.31652	0.1164431
8050	7.121821	0.0578008
8060	6.869997	0.0009205
8070	6.9265394	0.0876039
8080	6.930735	0.4708549
8090	6.9500895	0.3760508
8100	6.9942327	0.3132869
8110	7.0823793	0.6431185
8120	6.912095	0.0718706
8130	6.9129634	0.1910802
8140	7.1535606	0.3899252
8150	7.088376	0.30101
8160	7.1517105	0.3703931
8170	7.17256	0.7203119
8180	7.3541274	0.4923607
8190	7.4752455	0.4912702
8200	7.303368	0.3392902
8210	7.3388	0.6231645
8220	7.30071	0.6459229
8230	7.351384	0.8057349
8240	7.4109097	0.4349946
8250	7.3823814	0.3274712
8260	7.410995	0.3085684
8270	7.4457407	0.4439411
8280	7.4468007	0.7619616
8290	7.607395	0.9452816
8300	7.51354	0.9743973
8310	7.3850007	1.1330249
8320	7.4764066	1.4126249
8330	7.2588735	1.1125052
8340	7.2520914	0.8693563
8350	7.303764	0.6170581
8360	7.1896534	0.5248333
8370	6.948424	0.1073594
8380	6.6204405	0.0114161
8390	6.593184	0.0640165
8400	6.67897	0.1148849
8410	6.5402355	0.8131018
8420	6.4066963	0.0916275
8430	6.4855638	0.172735
8440	6.752773	0.3396952
8450	6.9328938	0.3181996
8460	6.711759	0.1926899
8470	6.6586475	0.1319941
8480	6.625716	0.1943104
8490	6.5718656	0.3169197
8500	6.247229	0.1558129
8510	6.3977165	0.5457
8520	6.432186	0.7484803
8530	6.320554	0.8797794
8540	6.386241	1.1148978
8550	6.182559	0.769066
8560	6.1431866	0.3695135
8570	6.280751	0.8242073
8580	6.3631988	0.7901646
8590	6.572579	0.3305785
8600	6.606078	0.129103
8610	6.4780602	0.0118688
8620	6.2712216	0.0120342
8630	6.08594	0.2796216
8640	6.2115536	0.0518252
8650	6.6079445	0.0045059
8660	6.475961	0.1972184
8670	6.480085	0.0011829
8680	6.7706943	0.00867
8690	6.3913503	0.0003036
8700	6.5727577	0.034868
8710	6.3973417	0.0702481
8720	6.486206	0.0451074
8730	6.5506225	0.0243217
8740	6.864617	0.1784081
8750	6.9394073	1.6891006
8760	6.8501854	0.8607467
8770	7.0281057	1.8010883
8780	7.1103406	2.8743904
8790	7.397422	1.7675512
8800	7.5033145	0.6466415
8810	7.7601194	0.8330841
8820	7.7174225	1.3427333
8830	7.761328	1.5464112
8840	7.704721	2.2000436
8850	7.6946464	2.2507469
8860	7.5047297	2.3236941
8870	7.561958	2.9503491
8880	7.6493726	3.1726244
8890	7.582344	2.3031726
8900	7.6361666	2.1340739
8910	7.581656	1.4116121
8920	7.6198945	0.8113593
8930	7.395798	0.2174109
8940	7.3062825	0.005203
8950	7.2851768	0.0714933
8960	6.794232	0.0641658
8970	6.8436785	0.5627453
8980	6.931553	0.5553747
8990	7.090152	0.0853698
9000	6.9553704	0.0290308
9010	7.139312	0.0421136
9020	7.076011	0.2558919
9030	7.023132	0.019373
9040	7.0370526	0.1237127
9050	6.871564	0.2153594
9060	7.0182514	0.003619
9070	6.8524313	2.38e-05
9080	6.5533085	0.0193711
9090	6.9548526	0.1044426
9100	7.091856	0.0305614
9110	7.3306985	0.0017011
9120	7.2840657	0.0961604
9130	7.1558337	0.0546323
9140	7.2228866	0.3956034
9150	7.2991023	0.0175251
9160	7.436577	0.0031805
9170	7.3182406	0.0012707
9180	7.470814	0.0048462
9190	7.2684374	0.2258064
9200	7.3311214	0.0242372
9210	7.5407624	0.0579488
9220	7.253802	0.61479
9230	7.1769886	0.00036
9240	7.06159	0.1934851
9250	6.883484	0.4587551
9260	6.9287734	0.1501192
9270	6.82598	0.008791
9280	7.0104175	0.0385141
9290	7.032392	0.0799428
9300	7.1025534	0.4683821
9310	6.9896207	0.781358
9320	6.937144	0.6556954
9330	7.075851	0.3577596
9340	7.0724287	0.5354799
9350	7.0320663	0.2095436
9360	6.848654	0.5125865
9370	7.078989	0.2248086
9380	7.120464	0.3049071
9390	7.0217824	0.3300572
9400	7.09366	0.1295511
9410	7.358449	0.2102685
9420	7.4432855	0.0697564
9430	7.433771	0.0825728
9440	7.1045575	0.4679051
9450	7.4723816	0.754457
9460	7.653682	0.2019303
9470	7.643161	0.1265171
9480	7.8723063	0.028889
9490	7.7210593	0.1701674
9500	7.665781	0.2233975
9510	7.38034	0.0121278
9520	7.1443586	0.176189
9530	7.5827312	0.2699888
9540	7.3600135	0.0544599
9550	7.519332	0.1831361
9560	7.55986	0.3242501
9570	7.891015	0.1902519
9580	7.6220126	0.0454463
9590	7.583772	0.5005152
9600	7.514831	0.9334829
9610	7.592216	0.2442656
9620	7.2706976	0.1260623
9630	7.251924	0.3345866
9640	7.399484	0.5225665
9650	7.798964	0.4131234
9660	7.5740314	0.4276802
9670	7.3706822	0.1216365
9680	7.467149	0.0106359
9690	7.468897	0.0103384
9700	7.6273174	0.0258612
9710	7.766506	0.4954367
9720	7.701484	0.436307
9730	7.6403775	0.5237472
9740	7.6039095	0.3430088
9750	7.4829335	0.231229
9760	7.3309474	0.4034723
9770	6.950566	0.7273931
9780	7.110668	0.7264578
9790	7.1072497	0.4497875
9800	7.321209	0.8332345
9810	6.795052	0.8033149
9820	6.396436	0.9707741
9830	6.624398	0.7673123
9840	6.508405	0.523161
9850	6.763197	0.2190405
9860	6.8754263	0.2565594
9870	6.817327	0.1596511
9880	6.676272	0.2799224
9890	6.542277	0.0579564
9900	6.3016148	0.0825447
9910	6.369224	0.2579214
9920	6.386952	0.4133342
9930	6.5494847	0.2278052
9940	6.3332562	0.3799508
9950	6.3008223	0.5652599
9960	6.512587	0.4787473
9970	6.543411	0.7647241
9980	6.6372166	0.7165904
9990	6.500068	0.9928692
10000	6.6238165	1.0045605
10010	6.818965	1.055709
10020	6.761256	1.195954
10030	7.0221233	1.5479251
10040	6.9902215	1.2394068
10050	7.1167345	1.1033885
10060	7.181648	0.994946
10070	7.4196663	0.3846927
10080	7.4317145	0.5513516
10090	7.299873	0.7438235
10100	7.4577417	0.5150754
10110	7.201936	0.6810497
10120	7.258724	0.919857
10130	7.4639306	0.7628354
10140	7.3884463	1.087994
10150	7.616352	1.4089742
10160	7.4918833	0.7989268
10170	7.714911	1.646318
10180	7.7008834	1.4177469
10190	7.8949294	0.9164024
10200	7.906608	1.0155314
10210	8.055312	0.5927961
10220	7.9982376	1.0411883
10230	8.266362	1.2117922
10240	7.7806306	0.6065861
10250	7.6945095	0.409186
10260	7.4546695	0.0255086
10270	7.3856606	0.0109325
10280	7.5153847	0.3073109
10290	7.472972	0.2731963
10300	7.2042894	0.1549469
10310	7.304759	0.0546184
10320	7.0881414	0.0041339
10330	7.162224	0.0020915
10340	7.31344	0.287277
10350	7.334484	0.0435822
10360	7.1417446	0.0045751
10370	6.878939	0.056611
10380	7.0832176	0.0038508
10390	7.2082105	6.02e-05
10400	6.890899	0.0736693
10410	6.8754416	0.1286112
10420	6.975516	0.2179677
10430	6.818736	0.2077473
10440	6.70535	0.1442961
10450	6.9383535	0.3097188
10460	6.885853	0.2528539
10470	6.9776063	0.5412493
10480	7.010175	0.244085
10490	6.6666985	0.1147086
10500	6.7250023	0.1521483
10510	6.679141	0.4895148
10520	6.7024446	0.4581734
10530	6.9364767	0.3204493
10540	6.8582425	0.5275683
10550	7.0338144	0.0642971
10560	6.847837	0.0113426
10570	6.8967586	0.0040264
10580	6.64427	0.1245615
10590	6.758335	0.0409843
10600	7.0508966	0.0228099
10610	6.9016113	0.1229843
10620	7.1668744	0.0110672
10630	6.7952127	0.0002117
10640	6.6613836	0.01568
10650	6.840281	0.0153744
10660	6.6931624	1.7e-06
10670	6.601088	0.0707787
10680	6.6908464	0.3155488
10690	6.696849	0.017039
10700	6.9293094	0.0956064
10710	7.288425	0.3659024
10720	7.343394	0.4446991
10730	6.9114494	0.325805
10740	7.222509	0.0823738
10750	7.243391	0.3672139
10760	7.2184825	0.0001374
10770	7.0126143	0.0063509
10780	6.9064455	0.0519287
10790	6.9387946	0.4475311
10800	7.0319743	0.4654478
10810	7.245225	0.472653
10820	7.211518	0.2368138
10830	6.918313	0.2673771
10840	7.0584664	0.2429617
10850	6.9407377	0.0707178
10860	6.9026647	0.1314338
10870	6.729901	0.3225802
10880	6.787584	0.0804414
10890	6.898632	0.0045423
10900	6.588007	0.6021654
10910	6.7603016	0.02344
10920	6.5724964	0.3229364
10930	6.7087874	0.2369099
10940	6.7728863	0.4799543
10950	6.7951174	0.002061
10960	6.721812	0.2630319
10970	6.63898	0.0792121
10980	6.5623736	0.3415479
10990	6.763171	0.8617577
11000	6.8391886	1.5636233
11010	6.80878	1.6701878
11020	6.9866767	0.8641141
11030	6.701881	0.5017729
11040	6.591998	0.1256992
11050	6.595667	0.2346269
11060	6.6276608	0.1216511
11070	6.440944	0.029693
11080	6.4005446	0.2992424
11090	6.347651	0.0008719
11100	6.2405934	0.429028
11110	6.3585916	0.5541401
11120	6.2393246	0.8506909
11130	6.4819384	0.4006109
11140	6.510388	0.2971616
11150	6.27144	0.5973893
11160	6.3714876	0.7832473
11170	6.7331686	0.8856996
11180	6.4228334	1.215747
11190	6.576149	1.5998071
11200	6.497717	1.2831598
11210	6.7530017	1.7334631
11220	6.9776616	1.5982518
11230	6.862171	1.6749341
11240	6.7578177	1.2196468
11250	6.721652	0.9683801
11260	6.928688	0.5216229
11270	7.150201	0.161113
11280	7.08024	0.0340073
11290	7.2027264	0.0003212
11300	6.947418	0.1505057
11310	6.883002	0.4617401
11320	7.012045	0.4405281
11330	7.0235434	0.0413396
11340	7.121369	0.0883081
11350	7.302294	0.3040653
11360	7.113768	0.5201033
11370	7.084336	0.4043048
11380	7.217583	0.3999834
11390	6.975799	0.180799
11400	6.839194	0.276806
11410	6.846648	0.5028582
11420	6.9846087	0.0789935
11430	7.3239546	0.2010247
11440	7.380373	0.3294306
11450	7.1126666	0.3701631
11460	6.9358473	0.3017275
11470	6.948997	0.3973694
11480	7.019024	0.2577645
11490	7.1960473	0.7500848
11500	7.4776034	0.8756394
11510	7.445593	0.5751267
11520	7.341653	0.5148372
11530	7.5072207	1.0245852
11540	7.11951	0.988473
11550	7.435131	0.878919
11560	7.407843	0.9292815
11570	7.397925	0.6341266
11580	7.2909546	0.9134631
11590	7.349808	0.5144276
11600	7.4251137	0.6510123
11610	7.402491	0.7556484
11620	7.6484833	0.5735566
11630	7.775471	0.0356609
11640	7.857114	0.1059913
11650	7.657491	0.3401847
11660	7.560355	0.3467125
11670	7.8316927	0.2531404
11680	7.883081	0.0418607
11690	7.662859	0.2088646
11700	7.5484	0.0041845
11710	7.453759	0.3249862
11720	7.204552	0.3272677
11730	7.074471	0.2310275
11740	7.012376	0.1386856
11750	7.105942	0.0057608
11760	7.114324	0.0453436
11770	7.031147	0.0297406
11780	7.386038	0.1418568
11790	7.534047	0.254171
11800	7.538252	0.2021006
11810	7.5398793	0.1795645
11820	7.4300833	0.1152041
11830	7.3276753	0.1265771
11840	7.358062	0.0337979
11850	7.729771	0.1027371
11860	7.462826	0.0691873
11870	7.4361086	0.0327684
11880	7.252923	0.2864533
11890	7.267012	0.1850709
11900	7.120839	0.0221952
11910	7.1417446	0.3679106
11920	6.8888826	0.2501214
11930	7.000348	0.8615581
11940	6.980634	0.8181987
11950	7.007726	0.8156433
11960	7.110883	0.3467201
11970	7.1412897	0.122647
11980	7.4014297	0.0131166
11990	7.337819	0.0013629
12000	7.288457	0.341787
12010	7.436767	0.3173894
12020	7.2346106	0.113747
12030	7.53846	0.0763082
12040	7.491732	0.0003744
12050	7.305853	0.0248751
12060	7.612564	0.0966581
12070	7.631581	0.7327208
12080	7.5224543	1.3708205
12090	7.2337785	0.5993439
12100	7.373045	0.6087022
12110	7.2642326	1.2262945
12120	6.9938674	0.897686
12130	7.149697	0.6938969
12140	7.1168146	0.458261
12150	6.8044977	0.6736166
12160	6.861673	0.8638037
12170	6.9330006	1.8251335
12180	6.9882455	2.8060385
12190	6.9124904	2.9985544
12200	6.871434	2.737989
12210	6.7101893	2.3006473
12220	6.850844	3.2973107
12230	7.006969	2.9097963
12240	6.981387	3.1571329
12250	6.982533	1.9328556
12260	6.9543576	2.2936953
12270	6.8248296	2.4085249
12280	7.1611943	1.8309453
12290	7.1566825	2.0393661
12300	6.909655	2.6311092
12310	6.780104	2.8956086
12320	6.6403112	2.8833715
12330	6.732372	3.4474574
12340	6.833514	2.5349579
12350	6.5840683	1.8443423
12360	6.7012315	1.778359
12370	7.0123806	1.9941371
12380	6.9201894	1.5817939
12390	7.2495394	1.7703857
12400	7.05796	1.3486349
12410	7.3840194	2.7210087
12420	7.2555504	2.7148587
12430	7.173315	2.2063586
12440	7.0766807	0.4098606
12450	7.3088136	1.8642752
12460	6.991272	0.3556804
12470	7.1814666	0.211707
12480	7.0261407	0.148308
12490	7.0020847	0.3265849
12500	7.0519166	0.127874
12510	6.934489	0.3112344
12520	6.8077974	0.5783558
12530	6.8722434	0.7548069
12540	6.581185	0.3088516
12550	6.5633106	0.0141578
12560	6.5111246	0.3392927
12570	6.277148	0.0001918
12580	6.6369085	0.0507682
12590	6.683764	0.0029596
12600	6.911164	0.0319119
12610	7.0879526	0.2980118
12620	6.83832	0.2883545
12630	6.8994975	0.9571809
12640	6.620573	1.0818207
12650	6.7932143	1.28654
12660	6.9558	1.5269602
12670	6.8435736	1.3622123
12680	7.0739703	1.8171128
12690	7.0519767	1.838579
12700	7.011224	2.2203295
12710	7.2393	1.9935806
12720	7.293035	1.3316951
12730	7.125164	0.3749015
12740	6.881411	0.4040189
12750	6.8885617	0.4738126
12760	6.9558673	0.2676553
12770	6.9875774	0.8322442
12780	6.858676	1.1629017
12790	6.684724	0.986812
12800	6.876811	1.4049161
12810	6.9840503	2.0456158
12820	7.3063393	1.7577099
12830	7.3209014	0.9433827
12840	7.0045834	0.9313787
12850	7.0655494	0.6997605
12860	7.124688	0.7185881
12870	7.2791705	2.4424063
12880	7.0255265	1.125804
12890	6.9997377	1.7206611
12900	6.847748	0.5680734
12910	6.8514094	0.00865
12920	6.8000593	0.0672588
12930	7.0350914	0.0076187
12940	6.6963773	0.0921873
12950	6.525016	0.4223448
12960	6.745781	0.1395831
12970	6.4852147	0.1143895
12980	6.4247646	0.2144005
12990	6.315337	0.5523697
13000	6.4646864	0.1432579
13010	6.6482673	0.0257133
13020	6.4226747	0.0034738
13030	6.6703243	0.0502307
13040	6.7809534	0.0588815
13050	6.7080913	9.67e-05
13060	6.558163	0.1255763
13070	6.572007	0.0087069
13080	6.802679	0.0048111
13090	6.6799016	0.0449227
13100	6.4292507	0.1584287
13110	6.3810096	0.0015797
13120	6.612796	0.2121892
13130	6.6421485	0.0005826
13140	6.5675726	0.1007076
13150	6.3846183	0.1889862
13160	6.3485518	0.2813817
13170	6.2655053	0.2773951
13180	5.91271	0.2618755
13190	5.867495	0.3384521
13200	5.9135785	7.39e-05
13210	5.990766	0.0094662
13220	5.951051	0.058058
13230	6.0982337	0.0803736
13240	6.1241155	0.2967263
13250	6.2575493	0.5182086
13260	5.9606714	0.618048
13270	5.859318	0.7758711
13280	5.7452297	1.431215
13290	5.663496	2.3732652
13300	5.58004	2.5877771
13310	5.571679	1.6701822
13320	5.5254645	1.2269223
13330	5.5043616	1.3048978
13340	5.1757426	1.1280213
13350	5.105605	1.4707802
13360	5.134266	1.4708334
13370	5.2606654	1.2192746
13380	5.172588	1.2886737
13390	5.4319105	1.5130303
13400	5.370714	2.3083829
13410	5.3414173	1.7833673
13420	5.5270915	1.7689747
13430	5.5736284	1.144653
13440	5.693429	1.2575578
13450	5.5324736	0.2878795
13460	5.4246807	0.0006875
13470	5.5596943	0.0351295
13480	5.862639	0.0181982
13490	5.736758	0.0027249
13500	5.643031	0.0468613
13510	5.4620113	0.0627262
13520	5.566368	0.3119656
13530	5.29091	0.0762451
13540	5.5732384	0.0819645
13550	6.0276623	0.0003347
13560	6.0540595	0.0289457
13570	6.0333457	0.0155489
13580	5.953938	0.1176668
13590	5.9866204	0.1292793
13600	5.857612	0.087321
13610	5.772855	0.1801875
13620	5.889111	0.172935
13630	5.7383695	0.1900226
13640	5.5126224	1.1620529
13650	5.5554333	1.2770119
13660	5.3514986	1.1673122
13670	5.3188353	1.7218264
13680	5.230399	1.7132928
13690	5.3903785	1.7901843
13700	5.4529066	0.6877118
13710	5.3902903	0.6555245
13720	5.4791503	0.3616787
13730	5.6422677	0.1380323
13740	5.7701044	0.2703797
13750	6.16368	0.2967536
13760	6.3358927	0.8638967
13770	6.2552304	1.2570916
13780	5.9557514	1.0628831
13790	5.760696	1.0617463
13800	5.7859645	2.0086283
13810	5.528829	1.8180532
13820	5.569216	0.4478643
13830	5.4883285	1.4552693
13840	5.292793	0.6222076
13850	5.376031	0.839918
13860	5.8213015	1.6354214
13870	5.811581	0.6071034
13880	5.6329637	1.1988717
13890	6.0332284	0.5329553
13900	5.889362	0.2422624
13910	6.2077265	0.9115857
13920	5.910962	0.2587288
13930	5.8916373	0.4831294
13940	5.9782934	0.5012555
13950	6.3334813	0.5824122
13960	6.190665	0.0414583
13970	6.3931046	0.0023589
13980	6.414958	0.0458861
13990	6.3165765	0.0705282
14000	6.27666	0.0105385
14010	6.506945	0.2000163
14020	6.364944	0.6601888
14030	6.2621236	0.598487
14040	6.169741	0.0595649
14050	5.9887967	0.0029539
14060	6.024665	0.072884
14070	6.089167	0.0725753
14080	6.145519	0.0985338
14090	5.870343	0.2853348
14100	6.0481315	0.7746139
14110	5.816942	0.5897491
14120	5.935956	1.2842184
14130	5.755598	1.5076454
14140	5.8935146	1.5261018
14150	5.810908	2.1117814
14160	5.6449895	2.952568
14170	5.632725	3.3419198
14180	5.9432974	3.3410809
14190	5.8514004	2.8692662
14200	5.9271255	2.103132
14210	5.88187	2.3306788
14220	5.825111	2.8344182
14230	5.9587607	2.5056196
14240	5.9193425	3.1431244
14250	5.9049034	3.024793
14260	5.672912	2.5796843
14270	5.8016033	1.9428709
14280	5.9163766	1.8151872
14290	6.126539	1.6455216
14300	6.1891284	2.5292747
14310	6.178072	2.1506294
14320	5.8928146	2.3651845
14330	5.7605715	3.1771179
14340	6.0228744	3.1218078
14350	5.887695	2.620812
14360	5.676711	3.0568438
14370	6.0698633	2.9493639
14380	6.2731686	3.1829077
14390	6.2007227	2.3266522
14400	6.0602083	1.5366643
14410	6.0287266	2.1834848
14420	6.225619	2.3770471
14430	6.040804	2.68341
14440	6.0422134	2.6915337
14450	5.9240026	2.6514482
14460	6.1264825	2.9007174
14470	5.8386936	2.4469673
14480	5.968898	1.3984256
14490	5.8163	1.5197571
14500	5.8867197	1.353534
14510	6.0537148	1.2424935
14520	5.952805	1.0084109
14530	6.0644326	2.0199257
14540	5.8947825	1.1508609
14550	6.1336613	2.4580269
14560	6.3063426	2.9953156
14570	5.871801	1.9759785
14580	5.709113	1.9904491
14590	5.6697774	1.7967978
14600	5.6961365	2.0999465
14610	5.8865595	2.2042357
14620	5.8355694	1.5911066
14630	5.915488	1.1630019
14640	5.743408	0.4731854
14650	5.7783084	1.0658147
14660	5.774306	0.850573
14670	5.5774684	0.0508679
14680	5.469979	0.3793049
14690	5.4697723	0.2081112
14700	5.4610634	0.0024799
14710	5.330478	0.1145515
14720	5.342809	0.1108774
14730	5.0874643	0.1765908
14740	5.1368155	0.0207964
14750	4.9502697	0.119353
14760	4.67079	0.081013
14770	5.0282683	0.0042993
14780	5.019377	0.0068679
14790	5.171316	0.0098785
14800	5.3885784	0.059823
14810	5.408172	0.0045445
14820	5.297297	0.029977
14830	5.3647904	0.3364357
14840	5.4049907	0.0881945
14850	5.319944	0.4291303
14860	5.195799	1.0964437
14870	5.2793946	0.7796311
14880	5.108517	0.3487689
14890	5.169956	0.8282243
14900	5.4051604	0.7408548
14910	5.280644	0.5171205
14920	5.4110374	0.8514023
14930	5.694025	0.8874511
14940	5.630168	0.8038216
14950	5.4041896	0.7726417
14960	5.109215	0.6963061
14970	5.065065	0.566187
14980	5.017551	0.9573142
14990	5.1806498	0.929653
15000	5.1351237	0.5328403
15010	5.4210615	1.0694475
15020	5.436706	0.9324196
15030	5.1788054	0.8943407
15040	4.9623647	0.79691
15050	4.936383	0.9240707
15060	5.2224994	0.77477
15070	5.274767	1.2951992
15080	5.370503	1.4240994
15090	5.6422343	1.7643216
15100	5.3064237	1.4356692
15110	5.7507024	3.4263503
15120	5.6750436	2.9460193
15130	5.696008	3.0058736
15140	5.6575174	1.6767264
15150	5.2958236	1.6614537
15160	5.1493177	0.937878
15170	5.4049053	2.3381822
15180	5.6284714	0.7902712
15190	5.632521	0.2886671
15200	5.77879	0.5430877
15210	5.6035995	0.6486568
15220	5.521365	0.894582
15230	5.8681765	0.3959626
15240	5.9931574	0.237283
15250	6.035433	0.2533642
15260	6.3331156	0.0534271
15270	6.2724414	0.0837437
15280	6.075777	0.0362538
15290	6.227113	0.0257525
15300	6.488885	0.1570579
15310	6.320144	0.0431147
15320	6.169518	0.0760836
15330	6.2029653	0.1273063
15340	5.9050865	0.0286855
15350	6.0270295	0.1395408
15360	6.176982	0.0180399
15370	6.14092	0.0320855
15380	6.068742	0.0114462
15390	6.2276583	0.018675
15400	6.150199	0.4323928
15410	6.012488	0.4628783
15420	5.7921276	1.2119342
15430	5.563318	1.6138681
15440	5.5364466	1.6734533
15450	5.581902	0.7522093
15460	5.435276	1.1515458
15470	5.6369762	1.1001091
15480	5.7372565	0.3624512
15490	5.919078	0.0318251
15500	5.8883486	0.0117243
15510	5.911169	0.0040242
15520	6.051962	0.1782187
15530	6.010691	0.0648943
15540	5.919929	0.4566536
15550	5.959816	0.0310116
15560	5.9146743	0.3155107
15570	5.998151	0.5708701
15580	6.3100457	0.5703083
15590	6.041623	1.0292624
15600	6.354191	1.036419
15610	6.624379	1.1822335
15620	6.6242533	0.9761569
15630	6.8282743	0.6211347
15640	6.6529713	0.5505832
15650	6.5964584	0.0117403
15660	6.762659	0.0308939
15670	6.8663793	0.2216775
15680	6.8740406	0.1760964
15690	6.6541986	0.3421223
15700	6.5683722	0.0170114
15710	6.842628	0.0002314
15720	6.660179	0.1049699
15730	6.7559566	0.1031822
15740	6.650014	0.1909312
15750	6.752827	0.3686829
15760	6.8620663	0.2857236
15770	6.8736544	0.6839223
15780	6.885016	0.3174408
15790	6.906069	0.6399505
15800	7.0697126	0.1880592
15810	7.1704335	8.9e-06
15820	7.3183184	0.0109104
15830	7.182876	0.2205447
15840	6.955525	0.1157914
15850	6.809629	0.0409813
15860	6.701396	0.0482955
15870	6.813224	0.0124409
15880	6.7480774	0.0476018
15890	6.8325343	0.1406414
15900	6.7240834	0.0141088
15910	6.8238006	0.0702115
15920	6.897623	0.142091
15930	6.8506913	0.0107111
15940	6.7613416	0.2963427
15950	6.4089627	0.1484796
15960	6.5945864	0.0092292
15970	6.45332	0.0688108
15980	6.2994895	0.0471401
15990	6.519815	0.5565818
16000	6.3196626	0.4834797
16010	6.33625	0.7307044
16020	6.4765186	0.0230944
16030	6.3627257	0.0199768
16040	6.221238	0.1115584
16050	6.2681813	0.0202097
16060	6.0813046	0.014377
16070	6.1926465	0.1130299
16080	6.3102736	0.004154
16090	6.2026873	0.1193612
16100	6.191056	0.0206809
16110	6.1307383	0.0262767
16120	6.094221	0.0401694
16130	6.091975	0.1373644
16140	6.0324035	0.0682268
16150	6.185462	0.003398
16160	6.177461	0.4318028
16170	6.249165	0.3866742
16180	6.3663173	0.0296782
16190	6.446902	0.0159053
16200	6.534994	0.195639
16210	6.4927745	0.1122846
16220	6.584279	0.1604586
16230	6.4425354	0.0600603
16240	6.3023734	0.018325
16250	6.2797284	0.1567268
16260	6.0163264	1.51e-05
16270	6.207227	0.2100767
16280	6.369984	0.3657029
16290	6.6133018	0.0100972
16300	6.6776357	0.39185
16310	6.5161676	0.018208
16320	6.4122043	0.0060826
16330	6.381673	0.1018277
16340	6.3757973	0.0002404
16350	6.4629545	0.0552588
16360	6.3233867	0.2933906
16370	6.34505	0.4013967
16380	6.249399	0.0836214
16390	6.406194	0.3223677
16400	6.389295	0.2557975
16410	6.39029	0.1165798
16420	6.309594	0.291067
16430	6.180484	0.022256
16440	6.3994904	0.0439967
16450	6.488312	0.0062276
16460	6.4668455	0.0001718
16470	6.2503986	0.2998719
16480	6.3623137	0.8754613
16490	6.5633087	0.5927423
16500	6.408405	0.9779948
16510	6.492396	0.6352304
16520	6.312452	0.9119285
16530	6.339099	1.0495104
16540	6.247684	1.0409271
16550	6.1979756	0.992708
16560	6.4532795	0.9501362
16570	6.1682987	0.9647638
16580	6.1167793	0.9832995
16590	6.186393	0.9711873
16600	5.934788	1.1557924
16610	6.235677	0.9740507
16620	6.230836	0.5767368
16630	6.32739	0.5793334
16640	6.450248	0.4405042
16650	6.3060007	0.2776723
16660	6.2753315	0.0562723
16670	6.2953877	0.3965089
16680	6.3513956	0.2414254
16690	6.372444	0.305027
16700	6.194841	0.081691
16710	6.2952385	0.0121792
16720	6.1913795	0.0110626
16730	6.073589	0.0352769
16740	6.0857444	0.0296443
16750	6.101063	0.0284935
16760	6.125392	0.0465731
16770	6.163719	0.0549578
16780	6.1175485	0.0390422
16790	5.961608	0.0842554
16800	6.1727114	0.0441546
16810	6.1155496	0.0187626
16820	6.215831	0.0035743
16830	6.3761883	0.1607197
16840	6.3536654	0.0641178
16850	6.454091	0.1230006
16860	6.1542997	0.0888342
16870	6.0890326	0.2136608
16880	6.1353045	0.4206016
16890	6.2485414	0.0645415
16900	5.8725166	0.2036096
16910	6.210714	0.3155544
16920	6.2066064	0.604546
16930	6.376154	0.3838793
16940	6.2553344	0.1628737
16950	6.156231	0.1608699
16960	6.3084373	0.0049349
16970	6.295413	0.0185771
16980	6.1907225	0.0094569
16990	6.124991	0.0730326
17000	6.046239	0.1307061
17010	6.1412444	0.3655679
17020	6.157607	0.298023
17030	6.2465615	0.0818165
17040	6.180008	0.0296267
17050	6.1288795	0.011773
17060	6.126195	0.1128434
17070	6.2462106	0.0389776
17080	6.302598	0.0368924
17090	6.4160585	0.0198752
17100	6.4032154	0.0017054
17110	6.3652053	0.0523095
17120	6.311892	0.0079032
17130	6.6386065	0.0131972
17140	6.6303334	0.0067915
17150	6.520788	0.0055849
17160	6.6694846	0.1429995
17170	6.6219044	0.1303124
17180	6.6149826	0.2125696
17190	6.7413425	0.0374736
17200	6.6069083	0.0583887
17210	6.654431	0.2207176
17220	6.6941752	0.0004503
17230	6.8094544	0.0434627
17240	6.606592	0.1089947
17250	6.625825	9.57e-05
17260	6.729403	0.1477856
17270	6.7922425	0.0667457
17280	6.8748546	0.388951
17290	7.016429	0.4791544
17300	7.0508432	0.1442499
17310	7.0215206	0.5411758
17320	6.9166503	0.4963039
17330	6.9817786	0.3016279
17340	7.0675983	0.0037837
17350	7.0058856	0.0020952
17360	6.788947	0.0292363
17370	7.101397	0.0770639
17380	7.0784826	0.1610842
17390	7.211976	0.217184
17400	7.19112	0.1217486
17410	7.1308	0.1434133
17420	7.4159784	0.0025646
17430	7.3190384	0.009075
17440	7.18046	0.0146728
17450	7.176291	0.0267782
17460	7.087211	0.0200508
17470	7.264916	0.0066856
17480	7.0992374	0.0327839
17490	7.0436726	0.1185194
17500	7.1210575	0.3560622
17510	7.2495146	0.8664157
17520	7.380175	1.141963
17530	7.543598	1.0818548
17540	7.3722343	1.2192972
17550	7.7161455	1.3824348
17560	7.401552	1.3375004
17570	7.1810184	1.7785076
17580	7.3029943	1.3344008
17590	7.305859	0.422296
17600	7.529923	0.5193383
17610	7.489072	0.0054492
17620	7.4957776	0.0694723
17630	7.343139	0.0010891
17640	7.3527894	0.0007194
17650	7.0949354	0.0298904
17660	7.1165566	0.109206
17670	7.1716185	0.0595894
17680	6.8638234	0.0516697
17690	6.6456537	0.0566651
17700	6.654372	0.0203913
17710	6.772603	0.0508501
17720	6.7181983	0.0248464
17730	6.757104	0.2579258
17740	7.0182705	0.1153776
17750	6.84456	0.0491251
17760	6.74879	0.0658657
17770	6.716365	0.0014248
17780	6.4766235	0.1566194
17790	6.5617	0.24506
17800	6.4527445	0.3015985
17810	6.4508476	0.076138
17820	6.142744	0.3706036
17830	6.1645546	0.3426247
17840	6.414139	0.1553051
17850	6.297382	0.3516155
17860	6.317435	0.1557884
17870	6.2080235	0.5069889
17880	5.830046	0.7449553
17890	6.0577884	1.0071694
17900	6.2528152	0.9902774
17910	6.1369987	0.858208
17920	6.3645697	0.8700113
17930	6.537882	0.5620647
17940	6.553551	0.5712381
17950	6.7028213	0.299471
17960	6.4347916	0.0199473
17970	6.358618	0.0693988
17980	6.335711	0.0015628
17990	6.453428	0.0750671
18000	6.6016164	0.0271363
18010	6.8310614	0.0050155
18020	6.7113223	0.0196018
18030	6.7202306	0.0043163
18040	6.8224425	0.0010693
18050	6.818764	0.1174408
18060	6.6183486	0.0015188
18070	6.21222	0.0119367
18080	6.1105704	0.0215669
18090	6.290386	0.0597239
18100	6.3232517	0.1811068
18110	6.310519	0.1938289
18120	6.3101096	0.0014567
18130	6.563543	0.0004869
18140	6.4469547	0.0118779
18150	6.644291	0.5921413
18160	6.550757	0.5054019
18170	6.437647	0.443946
18180	6.2801023	0.4301127
18190	6.2709036	0.5277807
18200	6.1625323	0.1773492
18210	6.2828393	0.1227991
18220	6.112747	0.3157661
18230	6.3360753	0.4088473
18240	6.3338504	0.3171015
18250	6.354094	0.208818
18260	6.41752	0.5618262
18270	6.22707	0.5136482
18280	6.518873	0.5576411
18290	6.3623767	0.5055783
18300	6.446246	0.7550091
18310	6.397321	0.6481971
18320	6.4291954	0.2757255
18330	6.599647	0.0387599
18340	6.192144	0.1922358
18350	6.1288857	0.3943866
18360	6.3593154	0.3392556
18370	6.46644	0.3261533
18380	6.3441772	0.3212642
18390	6.5144567	0.4116118
18400	6.6179156	0.4722154
18410	6.366908	0.3299522
18420	6.3159175	0.5363109
18430	6.3033013	0.5257408
18440	6.423074	0.4905355
18450	6.419177	0.6158499
18460	6.3564067	0.7730336
18470	6.0340843	0.6847442
18480	6.187468	0.4240085
18490	6.235338	0.5927632
18500	5.9600215	1.2388983
18510	6.0273933	1.4056935
18520	5.706576	1.2169245
18530	5.5280995	1.3473916
18540	5.638241	1.3057143
18550	5.6793675	1.0512629
18560	5.6850705	0.8212218
18570	5.8694406	0.9187718
18580	6.075133	1.0918491
18590	6.115491	0.6099791
18600	6.125322	0.4922552
18610	6.402963	0.17682
18620	6.311507	0.1988801
18630	6.3186493	0.1802692
18640	6.474446	0.1033183
18650	6.3662386	0.0404625
18660	6.3838263	0.0319704
18670	6.5613055	0.1270086
18680	6.5695167	0.0776808
18690	6.5966444	0.0007974
18700	6.4756594	0.1078996
18710	6.5685105	0.0753815
18720	6.45734	0.0073639
18730	6.458289	9.58e-05
18740	6.4262824	0.0733584
18750	6.4702697	0.0008216
18760	6.3270464	0.0031648
18770	5.937789	0.0006231
18780	6.0802655	0.0200705
18790	6.161486	0.0218496
18800	6.0324826	0.006296
18810	6.253858	0.0065151
18820	6.0633197	0.0813432
18830	6.3538136	0.1890848
18840	6.522335	0.066745
18850	6.4639277	6.96e-05
18860	6.4398623	0.0252321
18870	6.41629	0.0765983
18880	6.28725	0.1480789
18890	6.141951	0.5447143
18900	6.20012	0.2831091
18910	6.191635	0.034658
18920	6.2032304	0.0054722
18930	6.39708	0.0542615
18940	6.655062	0.0226617
18950	6.5377254	0.1177853
18960	6.431118	0.1951254
18970	6.7521753	0.3798215
18980	6.8281746	0.182063
18990	6.431088	0.0006842
19000	6.635032	0.0291091
19010	6.9278846	0.5585627
19020	6.738015	0.2229087
19030	6.679758	0.2157293
19040	6.4438367	0.9043889
19050	6.6842775	1.0255787
19060	6.613061	0.8852942
19070	6.8690104	0.8800059
19080	6.650891	0.2712861
19090	6.5762305	0.0188953
19100	6.4889975	0.0429143
19110	6.492411	0.0012881
19120	6.582985	0.5502148
19130	6.6519346	0.6353941
19140	6.525341	0.4584261
19150	6.3973093	0.1854924
19160	6.0662575	0.7966675
19170	6.07821	0.2331586
19180	6.1905484	0.4841932
19190	6.509394	0.409167
19200	6.5188694	0.0019655
19210	6.8419814	0.4029128
19220	6.7777033	0.5823736
19230	6.757964	0.1075195
19240	6.7311606	0.1620682
19250	6.7483206	0.4330085
19260	6.711858	0.5945841
19270	6.689905	0.9578466
19280	6.64793	0.0494296
19290	6.7496552	0.2196983
19300	6.9693	0.1406312
19310	6.9644785	0.2398154
19320	6.916113	0.0004544
19330	6.811839	0.0030305
19340	6.582137	0.0078027
19350	6.5439343	0.0771769
19360	6.5701103	0.0270948
19370	6.5784087	0.0959121
19380	6.71505	0.0225046
19390	6.6323557	0.0058212
19400	6.6102304	0.0156813
19410	6.5892076	0.0347352
19420	6.6775966	0.0146801
19430	6.2208066	0.1017338
19440	6.0307093	0.0474941
19450	6.159569	0.0511131
19460	6.4008775	0.1452603
19470	6.357449	0.2278037
19480	6.4442286	0.804632
19490	6.3529797	0.9407025
19500	6.147244	1.5800025
19510	6.140227	2.07444
19520	6.2919383	3.1274159
19530	6.3210235	2.3881282
19540	6.0916886	1.8509954
19550	6.050049	0.7847302
19560	6.219659	1.3075857
19570	6.1601815	1.2335905
19580	6.386222	1.914211
19590	6.1182714	2.3080267
19600	5.8864636	0.8240001
19610	6.0442834	1.7070475
19620	6.1125717	1.7859355
19630	6.1745214	1.5352141
19640	6.2879634	1.5196915
19650	6.514494	1.7817179
19660	6.601012	2.345764
19670	6.402264	2.6305481
19680	6.5347424	3.4249921
19690	6.585995	3.701203
19700	6.4228053	3.7388359
19710	6.1482124	2.9271394
19720	5.830775	1.8350017
19730	5.8398438	1.6007331
19740	5.6957674	1.8853803
19750	5.8289995	1.8921895
19760	5.7192707	2.5054796
19770	5.7494445	2.6896541
19780	5.692176	2.1785993
19790	5.6778026	0.805355
19800	5.785092	0.6407719
19810	5.5458326	0.5623179
19820	5.366885	0.4947642
19830	5.43944	0.7040461
19840	5.177652	0.2718296
19850	5.0130463	0.0616068
19860	4.9161735	0.073015
19870	4.788814	0.0290019
19880	5.0671754	0.127373
19890	5.1239185	0.007748
19900	5.057963	0.0014166
19910	5.01917	0.1785334
19920	4.7232685	0.1082081
19930	4.491521	0.0031014
19940	4.399735	0.0720347
19950	4.411526	0.0209997
19960	4.4268184	0.1253893
19970	4.00204	1.1323173
19980	4.2343607	1.3801633
19990	4.478463	0.538698
20000	4.6413765	0.8769247
