0	5.220000000000001	0.66
10	5.2299999999999995	0.66
20	5.2	0.66
30	5.2299999999999995	0.66
40	5.54	0.66
50	5.63	0.66
60	5.6	0.66
70	5.58	0.66
80	5.42	0.66
90	5.279999999999999	0.66
100	5.220000000000001	0.66
110	5.36	0.66
120	5.470000000000001	0.66
130	5.55	0.66
140	5.58	0.66
150	5.75	0.66
160	5.6899999999999995	0.66
170	5.74	0.66
180	5.7700000000000005	0.66
190	5.68	0.66
200	5.7	0.66
210	5.7	0.66
220	5.64	0.66
230	5.76	0.66
240	5.87	0.66
250	5.87	0.66
260	5.7	0.66
270	5.64	0.66
280	5.62	0.66
290	5.63	0.66
300	5.62	0.66
310	5.42	0.66
320	5.4399999999999995	0.66
330	5.54	0.66
340	5.58	0.66
350	5.61	0.66
360	5.58	0.66
370	5.63	0.66
380	5.68	0.66
390	5.64	0.66
400	5.67	0.66
410	5.75	0.66
420	5.7	0.66
430	5.67	0.66
440	5.7	0.66
450	5.66	0.66
460	5.62	0.66
470	5.37	0.66
480	5.46	0.66
490	5.37	0.66
500	5.49	0.66
510	5.4799999999999995	0.66
520	5.3	0.66
530	5.41	0.66
540	5.66	0.66
550	5.65	0.66
560	5.61	0.66
570	5.58	0.66
580	5.43	0.66
590	5.62	0.66
600	5.55	0.66
610	5.41	0.66
620	5.529999999999999	0.66
630	5.49	0.66
640	5.529999999999999	0.66
650	5.38	0.66
660	5.43	0.66
670	5.42	0.66
680	5.57	0.66
690	5.54	0.66
700	5.5600000000000005	0.66
710	5.5600000000000005	0.66
720	5.6899999999999995	0.66
730	5.5600000000000005	0.66
740	5.66	0.66
750	5.65	0.66
760	5.79	0.66
770	5.7299999999999995	0.66
780	5.65	0.66
790	5.75	0.66
800	5.5600000000000005	0.66
810	5.65	0.66
820	5.65	0.66
830	5.7	0.66
840	5.74	0.66
850	5.61	0.66
860	5.7	0.66
870	5.64	0.66
880	5.42	0.66
890	5.4399999999999995	0.66
900	5.42	0.66
910	5.470000000000001	0.66
920	5.33	0.66
930	5.4399999999999995	0.66
940	5.37	0.66
950	5.39	0.66
960	5.39	0.66
970	5.45	0.66
980	5.35	0.66
990	5.43	0.66
1000	5.59	0.66
1010	5.66	0.66
1020	5.7	0.66
1030	5.82	0.66
1040	5.7299999999999995	0.66
1050	5.82	0.66
1060	5.7	0.66
1070	5.49	0.66
1080	5.64	0.66
1090	5.7299999999999995	0.66
1100	5.68	0.66
1110	5.43	0.66
1120	5.529999999999999	0.66
1130	5.61	0.66
1140	5.470000000000001	0.66
1150	5.42	0.66
1160	5.36	0.66
1170	5.37	0.66
1180	5.51	0.66
1190	5.64	0.66
1200	5.59	0.66
1210	5.83	0.66
1220	5.79	0.66
1230	5.76	0.66
1240	5.79	0.66
1250	5.75	0.66
1260	5.79	0.66
1270	5.83	0.66
1280	5.89	0.66
1290	5.51	0.66
1300	5.51	0.66
1310	5.5600000000000005	0.66
1320	5.5	0.66
1330	5.79	0.66
1340	5.7299999999999995	0.66
1350	5.8	0.66
1360	5.83	0.66
1370	5.68	0.66
1380	5.39	0.66
1390	5.5	0.66
1400	5.43	0.66
1410	5.470000000000001	0.66
1420	5.63	0.66
1430	5.65	0.66
1440	5.7299999999999995	0.66
1450	5.89	0.66
1460	5.88	0.66
1470	5.95	0.66
1480	5.87	0.66
1490	5.7700000000000005	0.66
1500	5.87	0.66
1510	5.96	0.66
1520	5.8100000000000005	0.66
1530	5.720000000000001	0.66
1540	5.779999999999999	0.66
1550	5.68	0.66
1560	5.62	0.66
1570	5.66	0.66
1580	5.57	0.66
1590	5.58	0.66
1600	5.62	0.66
1610	5.59	0.66
1620	5.529999999999999	0.66
1630	5.529999999999999	0.66
1640	5.45	0.66
1650	5.5	0.66
1660	5.2299999999999995	0.66
1670	5.3	0.66
1680	5.38	0.66
1690	5.16	0.66
1700	5.32	0.66
1710	5.3100000000000005	0.66
1720	5.3	0.66
1730	5.4399999999999995	0.66
1740	5.51	0.66
1750	5.5	0.66
1760	5.57	0.66
1770	5.49	0.66
1780	5.720000000000001	0.66
1790	5.71	0.66
1800	5.59	0.66
1810	5.529999999999999	0.66
1820	5.71	0.66
1830	5.65	0.66
1840	5.64	0.66
1850	5.7	0.66
1860	5.83	0.66
1870	5.79	0.66
1880	5.71	0.66
1890	5.82	0.66
1900	5.85	0.66
1910	5.76	0.66
1920	5.71	0.66
1930	5.63	0.66
1940	5.66	0.66
1950	5.529999999999999	0.66
1960	5.43	0.66
1970	5.61	0.66
1980	5.779999999999999	0.66
1990	5.85	0.66
2000	5.87	0.66
2010	5.87	0.66
2020	5.84	0.66
2030	5.63	0.66
2040	5.6899999999999995	0.66
2050	5.67	0.66
2060	5.63	0.66
2070	5.57	0.66
2080	5.5	0.66
2090	5.64	0.66
2100	5.66	0.66
2110	5.68	0.66
2120	5.720000000000001	0.66
2130	5.8100000000000005	0.66
2140	5.720000000000001	0.66
2150	5.64	0.66
2160	5.63	0.66
2170	5.67	0.66
2180	5.5200000000000005	0.66
2190	5.59	0.66
2200	5.64	0.66
2210	5.5200000000000005	0.66
2220	5.6	0.66
2230	5.57	0.66
2240	5.55	0.66
2250	5.66	0.66
2260	5.74	0.66
2270	5.65	0.66
2280	5.75	0.66
2290	5.66	0.66
2300	5.65	0.66
2310	5.54	0.66
2320	5.4799999999999995	0.66
2330	5.59	0.66
2340	5.55	0.66
2350	5.55	0.66
2360	5.54	0.66
2370	5.5	0.66
2380	5.529999999999999	0.66
2390	5.51	0.66
2400	5.51	0.66
2410	5.5	0.66
2420	5.46	0.66
2430	5.4	0.66
2440	5.36	0.66
2450	5.39	0.66
2460	5.42	0.66
2470	5.41	0.66
2480	5.45	0.66
2490	5.2700000000000005	0.66
2500	5.3	0.66
2510	5.32	0.66
2520	5.51	0.66
2530	5.29	0.66
2540	5.34	0.66
2550	5.34	0.66
2560	5.2	0.66
2570	5.17	0.66
2580	5.25	0.66
2590	5.35	0.66
2600	5.21	0.66
2610	5.09	0.66
2620	5.12	0.66
2630	5.37	0.66
2640	5.220000000000001	0.66
2650	5.1	0.66
2660	5.13	0.66
2670	5.1	0.66
2680	5.18	0.66
2690	5.05	0.66
2700	5.21	0.66
2710	5.18	0.66
2720	5.1899999999999995	0.66
2730	5.2299999999999995	0.66
2740	5.2700000000000005	0.66
2750	5.32	0.66
2760	5.3	0.66
2770	5.1	0.66
2780	5.3100000000000005	0.66
2790	5.3100000000000005	0.66
2800	5.26	0.66
2810	5.4	0.66
2820	5.41	0.66
2830	5.2	0.66
2840	5.13	0.66
2850	5.220000000000001	0.66
2860	5.41	0.66
2870	5.35	0.66
2880	5.36	0.66
2890	5.46	0.66
2900	5.4399999999999995	0.66
2910	5.36	0.66
2920	5.26	0.66
2930	5.33	0.66
2940	5.39	0.66
2950	5.279999999999999	0.66
2960	5.21	0.66
2970	5.2299999999999995	0.66
2980	5.11	0.66
2990	5.09	0.66
3000	5.16	0.66
3010	5.16	0.66
3020	5.0600000000000005	0.66
3030	5.15	0.66
3040	5.1	0.66
3050	5.15	0.66
3060	5.18	0.66
3070	5.24	0.66
3080	5.26	0.66
3090	5.3	0.66
3100	5.29	0.66
3110	5.36	0.66
3120	5.3100000000000005	0.66
3130	5.4799999999999995	0.66
3140	5.4	0.66
3150	5.38	0.66
3160	5.46	0.66
3170	5.5600000000000005	0.66
3180	5.58	0.66
3190	5.64	0.66
3200	5.529999999999999	0.66
3210	5.59	0.66
3220	5.54	0.66
3230	5.68	0.66
3240	5.6	0.66
3250	5.7299999999999995	0.66
3260	5.58	0.66
3270	5.55	0.66
3280	5.529999999999999	0.66
3290	5.470000000000001	0.66
3300	5.49	0.66
3310	5.64	0.66
3320	5.75	0.66
3330	5.779999999999999	0.66
3340	5.74	0.66
3350	5.68	0.66
3360	5.5600000000000005	0.66
3370	5.62	0.66
3380	5.58	0.66
3390	5.55	0.66
3400	5.61	0.66
3410	5.62	0.66
3420	5.720000000000001	0.66
3430	5.68	0.66
3440	5.68	0.66
3450	5.67	0.66
3460	5.6899999999999995	0.66
3470	5.76	0.66
3480	5.82	0.66
3490	5.75	0.66
3500	5.87	0.66
3510	5.8	0.66
3520	5.83	0.66
3530	5.86	0.66
3540	5.79	0.66
3550	5.7299999999999995	0.66
3560	5.74	0.66
3570	5.71	0.66
3580	5.65	0.66
3590	5.720000000000001	0.66
3600	5.8100000000000005	0.66
3610	5.76	0.66
3620	5.62	0.66
3630	5.54	0.66
3640	5.54	0.66
3650	5.46	0.66
3660	5.470000000000001	0.66
3670	5.37	0.66
3680	5.5200000000000005	0.66
3690	5.62	0.66
3700	5.46	0.66
3710	5.5	0.66
3720	5.62	0.66
3730	5.63	0.66
3740	5.6899999999999995	0.66
3750	5.62	0.66
3760	5.7299999999999995	0.66
3770	5.779999999999999	0.66
3780	5.71	0.66
3790	5.6899999999999995	0.66
3800	5.68	0.66
3810	5.61	0.66
3820	5.62	0.66
3830	5.68	0.66
3840	5.7700000000000005	0.66
3850	5.7700000000000005	0.66
3860	5.54	0.66
3870	5.6899999999999995	0.66
3880	5.5200000000000005	0.66
3890	5.68	0.66
3900	5.779999999999999	0.66
3910	5.76	0.66
3920	5.6899999999999995	0.66
3930	5.7	0.66
3940	5.71	0.66
3950	5.79	0.66
3960	5.970000000000001	0.66
3970	5.89	0.66
3980	5.720000000000001	0.66
3990	5.83	0.66
4000	5.71	0.66
4010	5.75	0.66
4020	5.66	0.66
4030	5.61	0.66
4040	5.5600000000000005	0.66
4050	5.59	0.66
4060	5.529999999999999	0.66
4070	5.529999999999999	0.66
4080	5.45	0.66
4090	5.470000000000001	0.66
4100	5.5	0.66
4110	5.470000000000001	0.66
4120	5.46	0.66
4130	5.43	0.66
4140	5.5200000000000005	0.66
4150	5.55	0.66
4160	5.55	0.66
4170	5.66	0.66
4180	5.7700000000000005	0.66
4190	5.6899999999999995	0.66
4200	5.67	0.66
4210	5.529999999999999	0.66
4220	5.66	0.66
4230	5.6	0.66
4240	5.46	0.66
4250	5.4399999999999995	0.66
4260	5.470000000000001	0.66
4270	5.4799999999999995	0.66
4280	5.45	0.66
4290	5.45	0.66
4300	5.49	0.66
4310	5.5200000000000005	0.66
4320	5.51	0.66
4330	5.54	0.66
4340	5.4799999999999995	0.66
4350	5.5	0.66
4360	5.7700000000000005	0.66
4370	5.79	0.66
4380	5.779999999999999	0.66
4390	5.65	0.66
4400	5.76	0.66
4410	5.720000000000001	0.66
4420	5.7700000000000005	0.66
4430	5.79	0.66
4440	5.6899999999999995	0.66
4450	5.66	0.66
4460	5.8	0.66
4470	5.86	0.66
4480	5.779999999999999	0.66
4490	5.71	0.66
4500	5.83	0.66
4510	5.779999999999999	0.66
4520	5.76	0.66
4530	5.6	0.66
4540	5.5600000000000005	0.66
4550	5.55	0.66
4560	5.7299999999999995	0.66
4570	5.79	0.66
4580	5.79	0.66
4590	5.8	0.66
4600	5.82	0.66
4610	5.86	0.66
4620	5.95	0.66
4630	5.91	0.66
4640	5.8100000000000005	0.66
4650	5.74	0.66
4660	5.779999999999999	0.66
4670	5.92	0.66
4680	5.92	0.66
4690	5.83	0.66
4700	6.11	0.66
4710	6.2	0.66
4720	6.07	0.66
4730	6.1	0.66
4740	6.07	0.66
4750	6.04	0.66
4760	6.0600000000000005	0.66
4770	6.05	0.66
4780	6.029999999999999	0.66
4790	6.08	0.66
4800	6.18	0.66
4810	6.08	0.66
4820	6.01	0.66
4830	6.15	0.66
4840	6.2	0.66
4850	6.11	0.66
4860	6.029999999999999	0.66
4870	6.15	0.66
4880	6.04	0.66
4890	5.85	0.66
4900	5.88	0.66
4910	5.9799999999999995	0.66
4920	5.8100000000000005	0.66
4930	5.84	0.66
4940	5.970000000000001	0.66
4950	5.83	0.66
4960	5.91	0.66
4970	5.9	0.66
4980	5.89	0.66
4990	5.9399999999999995	0.66
5000	5.82	0.66
5010	5.88	0.66
5020	5.92	0.66
5030	5.8	0.66
5040	5.92	0.66
5050	5.8	0.66
5060	5.8	0.66
5070	5.7299999999999995	0.66
5080	5.720000000000001	0.66
5090	5.83	0.66
5100	5.88	0.66
5110	6.04	0.66
5120	6.0	0.66
5130	5.84	0.66
5140	5.9399999999999995	0.66
5150	6.05	0.66
5160	5.99	0.66
5170	6.029999999999999	0.66
5180	5.99	0.66
5190	5.9799999999999995	0.66
5200	5.87	0.66
5210	5.8100000000000005	0.66
5220	5.86	0.66
5230	5.9	0.66
5240	5.86	0.66
5250	5.96	0.66
5260	6.11	0.66
5270	6.1	0.66
5280	6.1	0.66
5290	6.0200000000000005	0.66
5300	5.92	0.66
5310	5.95	0.66
5320	5.79	0.66
5330	5.779999999999999	0.66
5340	5.7299999999999995	0.66
5350	5.64	0.66
5360	5.83	0.66
5370	5.8	0.66
5380	5.9	0.66
5390	5.9	0.66
5400	5.93	0.66
5410	5.85	0.66
5420	5.8	0.66
5430	5.87	0.66
5440	5.529999999999999	0.66
5450	5.65	0.66
5460	5.68	0.66
5470	5.59	0.66
5480	5.37	0.66
5490	5.35	0.66
5500	5.25	0.66
5510	4.92	0.66
5520	5.029999999999999	0.66
5530	5.2299999999999995	0.66
5540	5.36	0.66
5550	5.35	0.66
5560	5.4399999999999995	0.66
5570	5.59	0.66
5580	5.5200000000000005	0.66
5590	5.4799999999999995	0.66
5600	5.54	0.66
5610	5.63	0.66
5620	5.7	0.66
5630	5.62	0.66
5640	5.74	0.66
5650	5.8	0.66
5660	5.76	0.66
5670	5.7700000000000005	0.66
5680	5.86	0.66
5690	5.66	0.66
5700	5.6	0.66
5710	5.64	0.66
5720	5.51	0.66
5730	5.68	0.66
5740	5.63	0.66
5750	5.67	0.66
5760	5.7	0.66
5770	5.63	0.66
5780	5.51	0.66
5790	5.62	0.66
5800	5.6899999999999995	0.66
5810	5.54	0.66
5820	5.4799999999999995	0.66
5830	5.5200000000000005	0.66
5840	5.5600000000000005	0.66
5850	5.45	0.66
5860	5.6	0.66
5870	5.7	0.66
5880	5.74	0.66
5890	5.8	0.66
5900	5.74	0.66
5910	5.6	0.66
5920	5.6899999999999995	0.66
5930	5.7	0.66
5940	5.75	0.66
5950	5.720000000000001	0.66
5960	5.82	0.66
5970	5.75	0.66
5980	5.68	0.66
5990	5.7700000000000005	0.66
6000	5.82	0.66
6010	5.93	0.66
6020	6.0200000000000005	0.66
6030	5.7700000000000005	0.66
6040	5.93	0.66
6050	5.970000000000001	0.66
6060	6.0	0.66
6070	6.09	0.66
6080	5.95	0.66
6090	5.970000000000001	0.66
6100	5.89	0.66
6110	5.96	0.66
6120	6.029999999999999	0.66
6130	5.89	0.66
6140	5.83	0.66
6150	5.82	0.66
6160	5.87	0.66
6170	5.95	0.66
6180	5.9	0.66
6190	5.9	0.66
6200	5.75	0.66
6210	5.6899999999999995	0.66
6220	5.67	0.66
6230	5.61	0.66
6240	5.66	0.66
6250	5.79	0.66
6260	5.91	0.66
6270	5.86	0.66
6280	5.970000000000001	0.66
6290	5.9399999999999995	0.66
6300	5.93	0.66
6310	5.82	0.66
6320	5.82	0.66
6330	5.79	0.66
6340	5.779999999999999	0.66
6350	5.99	0.66
6360	5.99	0.66
6370	5.970000000000001	0.66
6380	5.71	0.66
6390	5.84	0.66
6400	5.62	0.66
6410	5.6899999999999995	0.66
6420	5.68	0.66
6430	5.7299999999999995	0.66
6440	5.74	0.66
6450	5.95	0.66
6460	5.84	0.66
6470	5.85	0.66
6480	5.75	0.66
6490	5.7	0.66
6500	5.779999999999999	0.66
6510	5.8	0.66
6520	5.8	0.66
6530	5.7700000000000005	0.66
6540	5.85	0.66
6550	5.779999999999999	0.66
6560	5.74	0.66
6570	5.76	0.66
6580	5.68	0.66
6590	5.8100000000000005	0.66
6600	5.74	0.66
6610	5.74	0.66
6620	5.75	0.66
6630	5.59	0.66
6640	5.63	0.66
6650	5.75	0.66
6660	5.6899999999999995	0.66
6670	5.75	0.66
6680	5.71	0.66
6690	5.720000000000001	0.66
6700	5.62	0.66
6710	5.62	0.66
6720	5.5200000000000005	0.66
6730	5.4799999999999995	0.66
6740	5.62	0.66
6750	5.6	0.66
6760	5.64	0.66
6770	5.7	0.66
6780	5.7299999999999995	0.66
6790	5.71	0.66
6800	5.86	0.66
6810	5.970000000000001	0.66
6820	5.6899999999999995	0.66
6830	5.7	0.66
6840	5.67	0.66
6850	5.64	0.66
6860	5.61	0.66
6870	5.5	0.66
6880	5.64	0.66
6890	5.64	0.66
6900	5.720000000000001	0.66
6910	5.68	0.66
6920	5.75	0.66
6930	5.85	0.66
6940	5.87	0.66
6950	5.9	0.66
6960	5.85	0.66
6970	5.7700000000000005	0.66
6980	5.65	0.66
6990	5.68	0.66
7000	5.61	0.66
7010	5.5	0.66
7020	5.35	0.66
7030	5.34	0.66
7040	5.5600000000000005	0.66
7050	5.66	0.66
7060	5.63	0.66
7070	5.59	0.66
7080	5.49	0.66
7090	5.57	0.66
7100	5.5	0.66
7110	5.5200000000000005	0.66
7120	5.470000000000001	0.66
7130	5.58	0.66
7140	5.59	0.66
7150	5.62	0.66
7160	5.6	0.66
7170	5.57	0.66
7180	5.58	0.66
7190	5.4799999999999995	0.66
7200	5.51	0.66
7210	5.49	0.66
7220	5.42	0.66
7230	5.2299999999999995	0.66
7240	5.41	0.66
7250	5.35	0.66
7260	5.26	0.66
7270	5.279999999999999	0.66
7280	5.37	0.66
7290	5.36	0.66
7300	5.51	0.66
7310	5.57	0.66
7320	5.57	0.66
7330	5.43	0.66
7340	5.5600000000000005	0.66
7350	5.54	0.66
7360	5.57	0.66
7370	5.64	0.66
7380	5.66	0.66
7390	5.67	0.66
7400	5.66	0.66
7410	5.65	0.66
7420	5.57	0.66
7430	5.61	0.66
7440	5.43	0.66
7450	5.57	0.66
7460	5.59	0.66
7470	5.83	0.66
7480	5.75	0.66
7490	5.779999999999999	0.66
7500	5.88	0.66
7510	5.85	0.66
7520	5.8	0.66
7530	5.7299999999999995	0.66
7540	5.91	0.66
7550	5.74	0.66
7560	5.7700000000000005	0.66
7570	5.7700000000000005	0.66
7580	5.6899999999999995	0.66
7590	5.61	0.66
7600	5.67	0.66
7610	5.720000000000001	0.66
7620	5.7	0.66
7630	5.7299999999999995	0.66
7640	5.86	0.66
7650	5.89	0.66
7660	5.82	0.66
7670	5.7	0.66
7680	5.7299999999999995	0.66
7690	5.61	0.66
7700	5.74	0.66
7710	5.7299999999999995	0.66
7720	5.7299999999999995	0.66
7730	5.66	0.66
7740	5.84	0.66
7750	5.83	0.66
7760	5.91	0.66
7770	6.04	0.66
7780	5.9399999999999995	0.66
7790	5.79	0.66
7800	5.99	0.66
7810	6.0	0.66
7820	6.14	0.66
7830	5.9399999999999995	0.66
7840	6.09	0.66
7850	6.0200000000000005	0.66
7860	5.9399999999999995	0.66
7870	5.9399999999999995	0.66
7880	6.09	0.66
7890	6.05	0.66
7900	6.05	0.66
7910	6.0200000000000005	0.66
7920	6.12	0.66
7930	6.0600000000000005	0.66
7940	6.24	0.66
7950	6.1899999999999995	0.66
7960	6.0600000000000005	0.66
7970	6.029999999999999	0.66
7980	6.13	0.66
7990	5.96	0.66
8000	5.85	0.66
8010	5.86	0.66
8020	5.9	0.66
8030	5.9	0.66
8040	5.74	0.66
8050	5.6899999999999995	0.66
8060	5.529999999999999	0.66
8070	5.6	0.66
8080	5.5200000000000005	0.66
8090	5.68	0.66
8100	5.67	0.66
8110	5.93	0.66
8120	5.87	0.66
8130	5.8100000000000005	0.66
8140	5.85	0.66
8150	5.84	0.66
8160	5.67	0.66
8170	5.67	0.66
8180	5.67	0.66
8190	5.779999999999999	0.66
8200	5.66	0.66
8210	5.63	0.66
8220	5.55	0.66
8230	5.7	0.66
8240	5.79	0.66
8250	5.66	0.66
8260	5.720000000000001	0.66
8270	5.7299999999999995	0.66
8280	5.79	0.66
8290	5.6	0.66
8300	5.529999999999999	0.66
8310	5.61	0.66
8320	5.58	0.66
8330	5.57	0.66
8340	5.5600000000000005	0.66
8350	5.65	0.66
8360	5.68	0.66
8370	5.64	0.66
8380	5.61	0.66
8390	5.58	0.66
8400	5.51	0.66
8410	5.5600000000000005	0.66
8420	5.54	0.66
8430	5.54	0.66
8440	5.58	0.66
8450	5.76	0.66
8460	5.68	0.66
8470	5.57	0.66
8480	5.529999999999999	0.66
8490	5.17	0.66
8500	4.970000000000001	0.66
8510	5.0200000000000005	0.66
8520	5.09	0.66
8530	5.24	0.66
8540	5.2700000000000005	0.66
8550	5.1899999999999995	0.66
8560	5.36	0.66
8570	5.33	0.66
8580	5.43	0.66
8590	5.43	0.66
8600	5.24	0.66
8610	5.29	0.66
8620	5.39	0.66
8630	5.45	0.66
8640	5.38	0.66
8650	5.46	0.66
8660	5.58	0.66
8670	5.68	0.66
8680	5.57	0.66
8690	5.42	0.66
8700	5.59	0.66
8710	5.529999999999999	0.66
8720	5.32	0.66
8730	5.43	0.66
8740	5.3	0.66
8750	5.2700000000000005	0.66
8760	5.26	0.66
8770	5.26	0.66
8780	5.37	0.66
8790	5.38	0.66
8800	5.4799999999999995	0.66
8810	5.42	0.66
8820	5.35	0.66
8830	5.39	0.66
8840	5.51	0.66
8850	5.4399999999999995	0.66
8860	5.38	0.66
8870	5.46	0.66
8880	5.4	0.66
8890	5.39	0.66
8900	5.529999999999999	0.66
8910	5.54	0.66
8920	5.5600000000000005	0.66
8930	5.54	0.66
8940	5.51	0.66
8950	5.46	0.66
8960	5.470000000000001	0.66
8970	5.4799999999999995	0.66
8980	5.38	0.66
8990	5.2299999999999995	0.66
9000	5.2299999999999995	0.66
9010	5.39	0.66
9020	5.42	0.66
9030	5.5	0.66
9040	5.4399999999999995	0.66
9050	5.37	0.66
9060	5.2299999999999995	0.66
9070	5.279999999999999	0.66
9080	5.35	0.66
9090	5.41	0.66
9100	5.5	0.66
9110	5.43	0.66
9120	5.41	0.66
9130	5.62	0.66
9140	5.62	0.66
9150	5.58	0.66
9160	5.65	0.66
9170	5.61	0.66
9180	5.68	0.66
9190	5.55	0.66
9200	5.64	0.66
9210	5.74	0.66
9220	5.7700000000000005	0.66
9230	5.63	0.66
9240	5.54	0.66
9250	5.57	0.66
9260	5.61	0.66
9270	5.4399999999999995	0.66
9280	5.5200000000000005	0.66
9290	5.46	0.66
9300	5.62	0.66
9310	5.4399999999999995	0.66
9320	5.51	0.66
9330	5.45	0.66
9340	5.38	0.66
9350	5.26	0.66
9360	5.5200000000000005	0.66
9370	5.5200000000000005	0.66
9380	5.43	0.66
9390	5.43	0.66
9400	5.49	0.66
9410	5.38	0.66
9420	5.6	0.66
9430	5.36	0.66
9440	5.41	0.66
9450	5.6	0.66
9460	5.6899999999999995	0.66
9470	5.64	0.66
9480	5.7700000000000005	0.66
9490	5.7700000000000005	0.66
9500	5.74	0.66
9510	5.64	0.66
9520	5.74	0.66
9530	5.66	0.66
9540	5.67	0.66
9550	5.6	0.66
9560	5.61	0.66
9570	5.66	0.66
9580	5.5	0.66
9590	5.49	0.66
9600	5.470000000000001	0.66
9610	5.4	0.66
9620	5.45	0.66
9630	5.42	0.66
9640	5.26	0.66
9650	5.37	0.66
9660	5.38	0.66
9670	5.529999999999999	0.66
9680	5.529999999999999	0.66
9690	5.5200000000000005	0.66
9700	5.5	0.66
9710	5.64	0.66
9720	5.63	0.66
9730	5.529999999999999	0.66
9740	5.5200000000000005	0.66
9750	5.46	0.66
9760	5.43	0.66
9770	5.42	0.66
9780	5.4	0.66
9790	5.51	0.66
9800	5.59	0.66
9810	5.51	0.66
9820	5.4	0.66
9830	5.3	0.66
9840	5.38	0.66
9850	5.41	0.66
9860	5.36	0.66
9870	5.38	0.66
9880	5.37	0.66
9890	5.4	0.66
9900	5.24	0.66
9910	5.4399999999999995	0.66
9920	5.45	0.66
9930	5.4	0.66
9940	5.37	0.66
9950	5.37	0.66
9960	5.3	0.66
9970	5.43	0.66
9980	5.37	0.66
9990	5.29	0.66
10000	5.3100000000000005	0.66
10010	5.41	0.66
10020	5.34	0.66
10030	5.41	0.66
10040	5.38	0.66
10050	5.4399999999999995	0.66
10060	5.36	0.66
10070	5.39	0.66
10080	5.43	0.66
10090	5.4399999999999995	0.66
10100	5.39	0.66
10110	5.4799999999999995	0.66
10120	5.470000000000001	0.66
10130	5.36	0.66
10140	5.470000000000001	0.66
10150	5.39	0.66
10160	5.43	0.66
10170	5.4399999999999995	0.66
10180	5.45	0.66
10190	5.6	0.66
10200	5.5600000000000005	0.66
10210	5.63	0.66
10220	5.7299999999999995	0.66
10230	5.63	0.66
10240	5.58	0.66
10250	5.55	0.66
10260	5.55	0.66
10270	5.6	0.66
10280	5.5600000000000005	0.66
10290	5.470000000000001	0.66
10300	5.65	0.66
10310	5.67	0.66
10320	5.61	0.66
10330	5.58	0.66
10340	5.67	0.66
10350	5.720000000000001	0.66
10360	5.76	0.66
10370	5.79	0.66
10380	5.779999999999999	0.66
10390	5.65	0.66
10400	5.68	0.66
10410	5.63	0.66
10420	5.68	0.66
10430	5.779999999999999	0.66
10440	5.88	0.66
10450	5.7700000000000005	0.66
10460	5.79	0.66
10470	5.87	0.66
10480	5.7700000000000005	0.66
10490	5.74	0.66
10500	5.86	0.66
10510	5.79	0.66
10520	5.87	0.66
10530	5.82	0.66
10540	5.7299999999999995	0.66
10550	5.87	0.66
10560	5.89	0.66
10570	5.9399999999999995	0.66
10580	5.970000000000001	0.66
10590	6.0	0.66
10600	5.87	0.66
10610	5.83	0.66
10620	5.82	0.66
10630	5.83	0.66
10640	5.82	0.66
10650	5.76	0.66
10660	5.79	0.66
10670	5.76	0.66
10680	5.779999999999999	0.66
10690	5.720000000000001	0.66
10700	5.79	0.66
10710	5.74	0.66
10720	5.88	0.66
10730	5.71	0.66
10740	5.720000000000001	0.66
10750	5.83	0.66
10760	5.84	0.66
10770	5.86	0.66
10780	5.779999999999999	0.66
10790	5.85	0.66
10800	5.79	0.66
10810	5.67	0.66
10820	5.76	0.66
10830	5.75	0.66
10840	5.779999999999999	0.66
10850	5.779999999999999	0.66
10860	5.7299999999999995	0.66
10870	5.66	0.66
10880	5.7	0.66
10890	5.63	0.66
10900	5.55	0.66
10910	5.49	0.66
10920	5.46	0.66
10930	5.62	0.66
10940	5.57	0.66
10950	5.5600000000000005	0.66
10960	5.5600000000000005	0.66
10970	5.5200000000000005	0.66
10980	5.5	0.66
10990	5.49	0.66
11000	5.45	0.66
11010	5.59	0.66
11020	5.62	0.66
11030	5.67	0.66
11040	5.59	0.66
11050	5.58	0.66
11060	5.59	0.66
11070	5.59	0.66
11080	5.64	0.66
11090	5.65	0.66
11100	5.62	0.66
11110	5.720000000000001	0.66
11120	5.8	0.66
11130	5.86	0.66
11140	5.76	0.66
11150	5.7700000000000005	0.66
11160	5.65	0.66
11170	5.85	0.66
11180	5.82	0.66
11190	5.66	0.66
11200	5.92	0.66
11210	6.0	0.66
11220	5.86	0.66
11230	5.79	0.66
11240	5.68	0.66
11250	5.75	0.66
11260	5.84	0.66
11270	5.85	0.66
11280	5.76	0.66
11290	5.63	0.66
11300	5.85	0.66
11310	5.779999999999999	0.66
11320	5.63	0.66
11330	5.6	0.66
11340	5.720000000000001	0.66
11350	5.75	0.66
11360	5.71	0.66
11370	5.57	0.66
11380	5.61	0.66
11390	5.58	0.66
11400	5.57	0.66
11410	5.66	0.66
11420	5.779999999999999	0.66
11430	5.779999999999999	0.66
11440	5.779999999999999	0.66
11450	5.61	0.66
11460	5.6899999999999995	0.66
11470	5.66	0.66
11480	5.84	0.66
11490	5.82	0.66
11500	5.71	0.66
11510	5.74	0.66
11520	5.75	0.66
11530	5.76	0.66
11540	5.65	0.66
11550	5.7299999999999995	0.66
11560	5.7299999999999995	0.66
11570	5.8100000000000005	0.66
11580	5.779999999999999	0.66
11590	5.71	0.66
11600	5.91	0.66
11610	5.83	0.66
11620	5.87	0.66
11630	5.96	0.66
11640	5.9	0.66
11650	5.779999999999999	0.66
11660	5.8100000000000005	0.66
11670	5.88	0.66
11680	5.89	0.66
11690	5.779999999999999	0.66
11700	5.84	0.66
11710	5.7700000000000005	0.66
11720	5.62	0.66
11730	5.63	0.66
11740	5.68	0.66
11750	5.67	0.66
11760	5.67	0.66
11770	5.68	0.66
11780	5.6899999999999995	0.66
11790	5.720000000000001	0.66
11800	5.71	0.66
11810	5.7700000000000005	0.66
11820	5.71	0.66
11830	5.779999999999999	0.66
11840	5.71	0.66
11850	5.74	0.66
11860	5.51	0.66
11870	5.63	0.66
11880	5.65	0.66
11890	5.6	0.66
11900	5.7299999999999995	0.66
11910	5.76	0.66
11920	5.54	0.66
11930	5.55	0.66
11940	5.5	0.66
11950	5.66	0.66
11960	5.6	0.66
11970	5.67	0.66
11980	5.74	0.66
11990	5.65	0.66
12000	5.71	0.66
12010	5.7	0.66
12020	5.62	0.66
12030	5.6	0.66
12040	5.5	0.66
12050	5.61	0.66
12060	5.720000000000001	0.66
12070	5.66	0.66
12080	5.7700000000000005	0.66
12090	5.74	0.66
12100	5.59	0.66
12110	5.75	0.66
12120	5.68	0.66
12130	5.74	0.66
12140	5.720000000000001	0.66
12150	5.55	0.66
12160	5.33	0.66
12170	5.529999999999999	0.66
12180	5.4799999999999995	0.66
12190	5.4399999999999995	0.66
12200	5.49	0.66
12210	5.4799999999999995	0.66
12220	5.5	0.66
12230	5.5200000000000005	0.66
12240	5.63	0.66
12250	5.71	0.66
12260	5.66	0.66
12270	5.84	0.66
12280	5.89	0.66
12290	5.79	0.66
12300	5.76	0.66
12310	5.61	0.66
12320	5.779999999999999	0.66
12330	5.8	0.66
12340	5.62	0.66
12350	5.75	0.66
12360	5.8100000000000005	0.66
12370	5.85	0.66
12380	5.79	0.66
12390	5.68	0.66
12400	5.7	0.66
12410	5.7299999999999995	0.66
12420	5.67	0.66
12430	5.65	0.66
12440	5.67	0.66
12450	5.6899999999999995	0.66
12460	5.68	0.66
12470	5.7	0.66
12480	5.74	0.66
12490	5.82	0.66
12500	5.88	0.66
12510	5.88	0.66
12520	5.75	0.66
12530	5.67	0.66
12540	5.8100000000000005	0.66
12550	5.75	0.66
12560	5.779999999999999	0.66
12570	5.7	0.66
12580	5.71	0.66
12590	5.84	0.66
12600	5.85	0.66
12610	5.8	0.66
12620	5.76	0.66
12630	5.51	0.66
12640	5.7299999999999995	0.66
12650	5.67	0.66
12660	5.529999999999999	0.66
12670	5.5200000000000005	0.66
12680	5.49	0.66
12690	5.6899999999999995	0.66
12700	5.41	0.66
12710	5.6	0.66
12720	5.529999999999999	0.66
12730	5.43	0.66
12740	5.41	0.66
12750	5.45	0.66
12760	5.59	0.66
12770	5.64	0.66
12780	5.66	0.66
12790	5.79	0.66
12800	5.66	0.66
12810	5.58	0.66
12820	5.6	0.66
12830	5.5600000000000005	0.66
12840	5.58	0.66
12850	5.45	0.66
12860	5.529999999999999	0.66
12870	4.91	0.66
12880	5.49	0.66
12890	5.24	0.66
12900	5.37	0.66
12910	5.529999999999999	0.66
12920	5.5	0.66
12930	5.4799999999999995	0.66
12940	5.39	0.66
12950	5.39	0.66
12960	5.45	0.66
12970	5.45	0.66
12980	5.65	0.66
12990	5.5600000000000005	0.66
13000	5.57	0.66
13010	5.6	0.66
13020	5.5	0.66
13030	5.58	0.66
13040	5.4399999999999995	0.66
13050	5.61	0.66
13060	5.42	0.66
13070	5.35	0.66
13080	5.45	0.66
13090	5.5	0.66
13100	5.35	0.66
13110	5.45	0.66
13120	5.39	0.66
13130	5.29	0.66
13140	5.35	0.66
13150	5.34	0.66
13160	5.3	0.66
13170	5.5600000000000005	0.66
13180	5.63	0.66
13190	5.4	0.66
13200	5.59	0.66
13210	5.4399999999999995	0.66
13220	5.4399999999999995	0.66
13230	5.64	0.66
13240	5.54	0.66
13250	5.59	0.66
13260	5.54	0.66
13270	5.4399999999999995	0.66
13280	5.55	0.66
13290	5.4799999999999995	0.66
13300	5.4399999999999995	0.66
13310	5.25	0.66
13320	5.279999999999999	0.66
13330	5.37	0.66
13340	5.16	0.66
13350	5.24	0.66
13360	5.29	0.66
13370	5.26	0.66
13380	5.3100000000000005	0.66
13390	5.279999999999999	0.66
13400	5.13	0.66
13410	5.18	0.66
13420	5.39	0.66
13430	5.38	0.66
13440	5.34	0.66
13450	5.39	0.66
13460	5.33	0.66
13470	5.470000000000001	0.66
13480	5.25	0.66
13490	5.2700000000000005	0.66
13500	5.3	0.66
13510	5.34	0.66
13520	5.3	0.66
13530	5.42	0.66
13540	5.38	0.66
13550	5.39	0.66
13560	5.39	0.66
13570	5.470000000000001	0.66
13580	5.4799999999999995	0.66
13590	5.41	0.66
13600	5.42	0.66
13610	5.36	0.66
13620	5.4	0.66
13630	5.35	0.66
13640	5.33	0.66
13650	5.39	0.66
13660	5.6	0.66
13670	5.4	0.66
13680	5.4799999999999995	0.66
13690	5.63	0.66
13700	5.76	0.66
13710	5.64	0.66
13720	5.57	0.66
13730	5.43	0.66
13740	5.43	0.66
13750	5.4799999999999995	0.66
13760	5.4399999999999995	0.66
13770	5.37	0.66
13780	5.49	0.66
13790	5.37	0.66
13800	5.46	0.66
13810	5.51	0.66
13820	5.470000000000001	0.66
13830	5.43	0.66
13840	5.64	0.66
13850	5.66	0.66
13860	5.58	0.66
13870	5.37	0.66
13880	5.51	0.66
13890	5.51	0.66
13900	5.57	0.66
13910	5.6899999999999995	0.66
13920	5.67	0.66
13930	5.76	0.66
13940	5.6899999999999995	0.66
13950	5.720000000000001	0.66
13960	5.67	0.66
13970	5.71	0.66
13980	5.720000000000001	0.66
13990	5.57	0.66
14000	5.64	0.66
14010	5.59	0.66
14020	5.7	0.66
14030	5.68	0.66
14040	5.79	0.66
14050	5.7700000000000005	0.66
14060	5.74	0.66
14070	5.720000000000001	0.66
14080	5.6899999999999995	0.66
14090	5.86	0.66
14100	5.9	0.66
14110	5.79	0.66
14120	5.92	0.66
14130	5.91	0.66
14140	5.82	0.66
14150	5.95	0.66
14160	5.96	0.66
14170	5.86	0.66
14180	5.95	0.66
14190	5.96	0.66
14200	5.91	0.66
14210	5.96	0.66
14220	5.96	0.66
14230	5.93	0.66
14240	5.82	0.66
14250	5.93	0.66
14260	5.9	0.66
14270	5.85	0.66
14280	5.89	0.66
14290	5.85	0.66
14300	5.8100000000000005	0.66
14310	5.95	0.66
14320	5.86	0.66
14330	5.8	0.66
14340	5.75	0.66
14350	5.63	0.66
14360	5.45	0.66
14370	5.54	0.66
14380	5.54	0.66
14390	5.65	0.66
14400	5.6899999999999995	0.66
14410	5.529999999999999	0.66
14420	5.58	0.66
14430	5.74	0.66
14440	5.6899999999999995	0.66
14450	5.5200000000000005	0.66
14460	5.51	0.66
14470	5.65	0.66
14480	5.59	0.66
14490	5.66	0.66
14500	5.7	0.66
14510	5.62	0.66
14520	5.17	0.66
14530	5.7299999999999995	0.66
14540	5.6899999999999995	0.66
14550	5.63	0.66
14560	5.6899999999999995	0.66
14570	5.85	0.66
14580	5.83	0.66
14590	5.6899999999999995	0.66
14600	5.55	0.66
14610	5.5600000000000005	0.66
14620	5.5600000000000005	0.66
14630	5.65	0.66
14640	5.63	0.66
14650	5.529999999999999	0.66
14660	5.4	0.66
14670	5.5600000000000005	0.66
14680	5.43	0.66
14690	5.529999999999999	0.66
14700	5.4799999999999995	0.66
14710	5.57	0.66
14720	5.67	0.66
14730	5.6	0.66
14740	5.59	0.66
14750	5.65	0.66
14760	5.7299999999999995	0.66
14770	5.6899999999999995	0.66
14780	5.62	0.66
14790	5.63	0.66
14800	5.65	0.66
14810	5.61	0.66
14820	5.64	0.66
14830	5.7700000000000005	0.66
14840	5.74	0.66
14850	5.67	0.66
14860	5.720000000000001	0.66
14870	5.91	0.66
14880	5.779999999999999	0.66
14890	5.470000000000001	0.66
14900	5.61	0.66
14910	5.7299999999999995	0.66
14920	5.7	0.66
14930	5.67	0.66
14940	5.7700000000000005	0.66
14950	5.83	0.66
14960	5.6	0.66
14970	5.59	0.66
14980	5.529999999999999	0.66
14990	5.470000000000001	0.66
15000	5.63	0.66
15010	5.7	0.66
15020	5.76	0.66
15030	5.66	0.66
15040	5.62	0.66
15050	5.57	0.66
15060	5.6899999999999995	0.66
15070	5.779999999999999	0.66
15080	5.68	0.66
15090	5.58	0.66
15100	5.6	0.66
15110	5.64	0.66
15120	5.65	0.66
15130	5.67	0.66
15140	5.8	0.66
15150	5.82	0.66
15160	5.65	0.66
15170	5.6899999999999995	0.66
15180	5.6899999999999995	0.66
15190	5.76	0.66
15200	5.779999999999999	0.66
15210	5.75	0.66
15220	5.85	0.66
15230	5.9399999999999995	0.66
15240	5.76	0.66
15250	5.79	0.66
15260	5.9399999999999995	0.66
15270	5.7700000000000005	0.66
15280	5.6899999999999995	0.66
15290	5.75	0.66
15300	5.76	0.66
15310	5.8100000000000005	0.66
15320	5.87	0.66
15330	5.75	0.66
15340	5.779999999999999	0.66
15350	5.85	0.66
15360	5.76	0.66
15370	5.63	0.66
15380	5.6	0.66
15390	5.68	0.66
15400	5.8100000000000005	0.66
15410	5.82	0.66
15420	5.91	0.66
15430	5.720000000000001	0.66
15440	5.75	0.66
15450	5.67	0.66
15460	5.68	0.66
15470	5.63	0.66
15480	5.7299999999999995	0.66
15490	5.68	0.66
15500	5.55	0.66
15510	5.74	0.66
15520	5.65	0.66
15530	5.82	0.66
15540	5.9	0.66
15550	5.7700000000000005	0.66
15560	5.82	0.66
15570	5.87	0.66
15580	5.8100000000000005	0.66
15590	5.96	0.66
15600	5.91	0.66
15610	6.09	0.66
15620	5.93	0.66
15630	5.91	0.66
15640	6.029999999999999	0.66
15650	5.99	0.66
15660	5.95	0.66
15670	5.83	0.66
15680	5.84	0.66
15690	6.01	0.66
15700	6.04	0.66
15710	6.07	0.66
15720	6.13	0.66
15730	6.07	0.66
15740	6.17	0.66
15750	6.07	0.66
15760	6.0200000000000005	0.66
15770	6.11	0.66
15780	6.1899999999999995	0.66
15790	6.07	0.66
15800	5.99	0.66
15810	6.11	0.66
15820	6.15	0.66
15830	6.12	0.66
15840	6.12	0.66
15850	6.09	0.66
15860	6.05	0.66
15870	5.970000000000001	0.66
15880	5.95	0.66
15890	6.0	0.66
15900	5.9399999999999995	0.66
15910	5.9799999999999995	0.66
15920	5.92	0.66
15930	6.01	0.66
15940	5.92	0.66
15950	5.9399999999999995	0.66
15960	5.9399999999999995	0.66
15970	5.87	0.66
15980	5.91	0.66
15990	5.8100000000000005	0.66
16000	5.79	0.66
16010	5.93	0.66
16020	5.93	0.66
16030	5.88	0.66
16040	5.84	0.66
16050	5.75	0.66
16060	5.779999999999999	0.66
16070	5.8100000000000005	0.66
16080	5.93	0.66
16090	5.9799999999999995	0.66
16100	6.16	0.66
16110	6.2	0.66
16120	6.0600000000000005	0.66
16130	6.04	0.66
16140	6.15	0.66
16150	6.13	0.66
16160	6.08	0.66
16170	5.99	0.66
16180	6.0200000000000005	0.66
16190	5.96	0.66
16200	6.01	0.66
16210	6.0	0.66
16220	6.0	0.66
16230	6.0200000000000005	0.66
16240	5.96	0.66
16250	6.01	0.66
16260	5.96	0.66
16270	5.99	0.66
16280	6.0200000000000005	0.66
16290	6.0	0.66
16300	6.0600000000000005	0.66
16310	6.05	0.66
16320	6.04	0.66
16330	6.13	0.66
16340	6.04	0.66
16350	6.029999999999999	0.66
16360	5.970000000000001	0.66
16370	5.91	0.66
16380	6.029999999999999	0.66
16390	6.029999999999999	0.66
16400	6.04	0.66
16410	6.0	0.66
16420	6.0600000000000005	0.66
16430	5.9399999999999995	0.66
16440	6.04	0.66
16450	5.95	0.66
16460	6.0600000000000005	0.66
16470	6.04	0.66
16480	6.029999999999999	0.66
16490	6.04	0.66
16500	5.970000000000001	0.66
16510	5.9799999999999995	0.66
16520	5.95	0.66
16530	5.96	0.66
16540	5.93	0.66
16550	5.96	0.66
16560	5.9399999999999995	0.66
16570	5.84	0.66
16580	5.93	0.66
16590	5.85	0.66
16600	5.96	0.66
16610	5.89	0.66
16620	5.84	0.66
16630	5.91	0.66
16640	5.779999999999999	0.66
16650	5.85	0.66
16660	5.7	0.66
16670	5.779999999999999	0.66
16680	5.87	0.66
16690	5.79	0.66
16700	5.82	0.66
16710	5.91	0.66
16720	5.82	0.66
16730	5.8	0.66
16740	5.85	0.66
16750	5.7299999999999995	0.66
16760	5.92	0.66
16770	5.720000000000001	0.66
16780	5.74	0.66
16790	5.720000000000001	0.66
16800	5.84	0.66
16810	5.74	0.66
16820	5.68	0.66
16830	5.8	0.66
16840	5.76	0.66
16850	5.9399999999999995	0.66
16860	5.91	0.66
16870	5.91	0.66
16880	5.84	0.66
16890	5.9	0.66
16900	5.970000000000001	0.66
16910	5.89	0.66
16920	6.0	0.66
16930	5.9799999999999995	0.66
16940	5.970000000000001	0.66
16950	5.9	0.66
16960	5.95	0.66
16970	5.9399999999999995	0.66
16980	6.11	0.66
16990	6.029999999999999	0.66
17000	6.07	0.66
17010	6.0	0.66
17020	6.13	0.66
17030	6.12	0.66
17040	5.96	0.66
17050	5.99	0.66
17060	5.970000000000001	0.66
17070	6.0200000000000005	0.66
17080	6.01	0.66
17090	5.9399999999999995	0.66
17100	5.9399999999999995	0.66
17110	6.01	0.66
17120	6.0	0.66
17130	6.04	0.66
17140	6.0600000000000005	0.66
17150	6.15	0.66
17160	6.11	0.66
17170	6.18	0.66
17180	6.1899999999999995	0.66
17190	6.0600000000000005	0.66
17200	6.0600000000000005	0.66
17210	6.0600000000000005	0.66
17220	6.13	0.66
17230	6.0200000000000005	0.66
17240	6.16	0.66
17250	6.04	0.66
17260	6.15	0.66
17270	6.029999999999999	0.66
17280	6.07	0.66
17290	5.99	0.66
17300	5.7700000000000005	0.66
17310	5.92	0.66
17320	5.86	0.66
17330	5.9	0.66
17340	5.8100000000000005	0.66
17350	5.99	0.66
17360	5.93	0.66
17370	5.96	0.66
17380	5.970000000000001	0.66
17390	6.12	0.66
17400	6.13	0.66
17410	5.99	0.66
17420	5.87	0.66
17430	6.05	0.66
17440	5.9399999999999995	0.66
17450	5.89	0.66
17460	6.04	0.66
17470	5.82	0.66
17480	5.96	0.66
17490	5.9399999999999995	0.66
17500	6.01	0.66
17510	5.9799999999999995	0.66
17520	5.96	0.66
17530	5.99	0.66
17540	5.89	0.66
17550	5.8100000000000005	0.66
17560	5.88	0.66
17570	5.87	0.66
17580	5.720000000000001	0.66
17590	5.64	0.66
17600	5.7	0.66
17610	5.7	0.66
17620	5.5200000000000005	0.66
17630	5.66	0.66
17640	5.65	0.66
17650	5.92	0.66
17660	5.970000000000001	0.66
17670	5.86	0.66
17680	5.8	0.66
17690	5.84	0.66
17700	5.9	0.66
17710	5.75	0.66
17720	5.91	0.66
17730	5.82	0.66
17740	5.84	0.66
17750	5.93	0.66
17760	5.86	0.66
17770	5.89	0.66
17780	5.8	0.66
17790	5.91	0.66
17800	5.96	0.66
17810	6.0200000000000005	0.66
17820	5.93	0.66
17830	5.89	0.66
17840	5.96	0.66
17850	5.88	0.66
17860	5.84	0.66
17870	5.85	0.66
17880	5.88	0.66
17890	5.970000000000001	0.66
17900	5.83	0.66
17910	5.7299999999999995	0.66
17920	5.720000000000001	0.66
17930	5.5600000000000005	0.66
17940	5.75	0.66
17950	5.7	0.66
17960	5.61	0.66
17970	5.720000000000001	0.66
17980	5.71	0.66
17990	5.7	0.66
18000	5.6899999999999995	0.66
18010	5.7	0.66
18020	5.8	0.66
18030	5.91	0.66
18040	5.86	0.66
18050	5.9	0.66
18060	5.91	0.66
18070	5.9799999999999995	0.66
18080	6.0200000000000005	0.66
18090	6.01	0.66
18100	5.91	0.66
18110	5.84	0.66
18120	5.7700000000000005	0.66
18130	5.779999999999999	0.66
18140	5.84	0.66
18150	5.76	0.66
18160	5.9	0.66
18170	6.08	0.66
18180	6.0200000000000005	0.66
18190	5.92	0.66
18200	5.93	0.66
18210	5.93	0.66
18220	5.8	0.66
18230	5.74	0.66
18240	5.8100000000000005	0.66
18250	5.92	0.66
18260	5.7700000000000005	0.66
18270	5.66	0.66
18280	5.83	0.66
18290	5.75	0.66
18300	5.7	0.66
18310	5.68	0.66
18320	5.779999999999999	0.66
18330	5.6899999999999995	0.66
18340	5.7299999999999995	0.66
18350	5.7700000000000005	0.66
18360	5.63	0.66
18370	5.75	0.66
18380	5.82	0.66
18390	5.85	0.66
18400	5.76	0.66
18410	5.779999999999999	0.66
18420	5.75	0.66
18430	5.88	0.66
18440	5.8100000000000005	0.66
18450	5.79	0.66
18460	5.7299999999999995	0.66
18470	5.71	0.66
18480	5.79	0.66
18490	5.65	0.66
18500	5.7299999999999995	0.66
18510	5.7700000000000005	0.66
18520	5.8	0.66
18530	5.82	0.66
18540	5.86	0.66
18550	5.9	0.66
18560	5.96	0.66
18570	6.0	0.66
18580	5.970000000000001	0.66
18590	5.96	0.66
18600	5.96	0.66
18610	5.95	0.66
18620	6.0	0.66
18630	5.93	0.66
18640	6.01	0.66
18650	5.970000000000001	0.66
18660	6.0600000000000005	0.66
18670	6.0	0.66
18680	5.92	0.66
18690	5.970000000000001	0.66
18700	5.86	0.66
18710	5.91	0.66
18720	5.92	0.66
18730	5.7299999999999995	0.66
18740	5.64	0.66
18750	5.6899999999999995	0.66
18760	5.71	0.66
18770	5.7	0.66
18780	5.71	0.66
18790	5.74	0.66
18800	5.64	0.66
18810	5.66	0.66
18820	5.67	0.66
18830	5.66	0.66
18840	5.76	0.66
18850	5.71	0.66
18860	5.62	0.66
18870	5.74	0.66
18880	5.62	0.66
18890	5.68	0.66
18900	5.67	0.66
18910	5.7299999999999995	0.66
18920	5.83	0.66
18930	5.7299999999999995	0.66
18940	5.76	0.66
18950	5.76	0.66
18960	5.71	0.66
18970	5.62	0.66
18980	5.8	0.66
18990	5.68	0.66
19000	5.63	0.66
19010	5.7	0.66
19020	5.68	0.66
19030	5.6899999999999995	0.66
19040	5.74	0.66
19050	5.71	0.66
19060	5.75	0.66
19070	5.65	0.66
19080	5.7299999999999995	0.66
19090	5.7700000000000005	0.66
19100	5.74	0.66
19110	5.74	0.66
19120	5.779999999999999	0.66
19130	5.79	0.66
19140	5.91	0.66
19150	5.84	0.66
19160	5.86	0.66
19170	5.93	0.66
19180	5.9399999999999995	0.66
19190	5.92	0.66
19200	5.91	0.66
19210	6.05	0.66
19220	5.99	0.66
19230	5.99	0.66
19240	5.89	0.66
19250	5.9399999999999995	0.66
19260	5.96	0.66
19270	5.87	0.66
19280	5.63	0.66
19290	5.720000000000001	0.66
19300	5.61	0.66
19310	5.54	0.66
19320	5.65	0.66
19330	5.61	0.66
19340	5.720000000000001	0.66
19350	5.59	0.66
19360	5.63	0.66
19370	5.68	0.66
19380	5.75	0.66
19390	5.66	0.66
19400	5.68	0.66
19410	5.7	0.66
19420	5.66	0.66
19430	5.8100000000000005	0.66
19440	5.85	0.66
19450	5.779999999999999	0.66
19460	5.8100000000000005	0.66
19470	5.7700000000000005	0.66
19480	5.7299999999999995	0.66
19490	5.779999999999999	0.66
19500	5.71	0.66
19510	5.86	0.66
19520	5.74	0.66
19530	5.68	0.66
19540	5.68	0.66
19550	5.7299999999999995	0.66
19560	5.79	0.66
19570	5.82	0.66
19580	5.86	0.66
19590	5.85	0.66
19600	5.75	0.66
19610	5.67	0.66
19620	5.82	0.66
19630	5.84	0.66
19640	5.92	0.66
19650	5.83	0.66
19660	5.84	0.66
19670	5.79	0.66
19680	5.83	0.66
19690	5.88	0.66
19700	5.86	0.66
19710	5.88	0.66
19720	5.9799999999999995	0.66
19730	5.86	0.66
19740	5.8	0.66
19750	5.8100000000000005	0.66
19760	5.779999999999999	0.66
19770	5.8	0.66
19780	5.7700000000000005	0.66
19790	5.71	0.66
19800	5.6899999999999995	0.66
19810	5.71	0.66
19820	5.83	0.66
19830	5.87	0.66
19840	5.71	0.66
19850	5.93	0.66
19860	5.8	0.66
19870	5.76	0.66
19880	5.7700000000000005	0.66
19890	5.64	0.66
19900	5.6899999999999995	0.66
19910	5.67	0.66
19920	5.65	0.66
19930	5.66	0.66
